4
58
28
10
84
28
75
76
96
77
78
61
25
83
94
16
16
98
80
64
70
17
55
20
65
15
85
26
66
39
1
18
85
50
39
78
56
48
49
30
47
39
13
88
44
61
27
65
13
43
5
87
59
55
3
99
68
19
101
46
21
90
74
86
35
24
33
87
28
79
34
16
52
58
101
54
33
43
4
2
90
5
60
97
89
3
58
53
31
71
47
95
45
82
52
22
31
93
93
44
9
100
89
24
89
68
40
41
72
79
95
81
10
23
84
20
16
9
68
68
42
55
85
43
67
95
20
34
8
91
16
28
21
39
37
84
24
82
32
37
69
14
79
49
21
27
24
77
47
48
36
82
94
13
25
32
42
68
72
58
52
84
94
94
95
6
37
21
89
89
91
42
95
66
7
96
3
83
100
84
82
74
80
81
40
51
37
20
40
99
74
19
90
52
9
89
8
54
22
84
63
27
94
73
93
49
52
11
47
30
76
78
1
5
21
56
63
48
85
19
47
94
74
32
48
79
1
80
79
94
1
19
78
89
39
64
42
6
42
94
82
62
91
36
31
64
47
25
5
47
10
13
40
49
74
48
70
58
13
86
83
1
67
81
21
60
76
6
51
67
72
20
9
86
9
42
29
78
88
93
14
58
91
19
84
9
96
73
51
48
2
95
3
88
76
34
82
92
2
66
2
9
60
20
98
46
55
53
21
99
44
81
79
38
5
32
50
65
56
28
94
19
101
41
8
91
36
39
42
46
35
83
70
41
60
86
47
97
52
44
101
78
52
36
44
89
73
55
100
88
63
17
50
59
47
88
89
82
37
54
17
19
51
33
12
80
19
97
14
14
18
41
93
39
59
83
48
62
23
69
4
75
32
40
84
82
94
48
69
33
76
30
26
96
33
18
69
25
30
87
71
95
47
79
21
82
62
68
5
43
34
101
8
85
49
37
43
82
20
19
13
31
15
15
3
94
88
68
33
48
89
6
8
5
21
89
49
94
3
12
35
60
54
93
17
57
77
31
37
37
30
23
15
71
31
72
41
29
86
79
68
6
58
69
48
67
75
2
81
10
25
69
11
51
19
92
62
46
91
36
51
95
86
18
94
26
89
16
5
25
41
90
14
86
24
96
97
12
8
48
98
18
25
50
83
95
44
64
95
1
69
100
70
44
70
27
57
14
29
84
13
76
29
88
44
41
53
41
40
63
62
68
71
83
68
24
33
91
2
10
25
10
101
73
10
101
7
23
28
38
37
38
57
69
90
44
1
29
68
38
6
78
82
53
89
90
23
6
55
47
19
96
88
46
52
70
76
58
73
79
86
72
28
79
40
58
48
39
15
56
20
89
46
50
87
85
6
54
42
70
44
23
71
37
41
64
40
7
12
33
36
52
72
31
54
19
1
19
72
36
68
46
25
27
31
24
56
87
41
61
35
14
81
19
34
97
13
4
32
92
33
73
40
72
22
62
24
55
63
43
5
38
76
82
70
53
10
90
24
37
71
16
91
75
18
21
74
56
57
75
46
100
72
52
44
22
99
26
94
61
82
68
51
61
88
43
29
11
35
93
76
7
64
66
92
76
25
91
62
87
18
45
25
35
90
72
98
13
92
65
83
76
69
72
44
73
30
27
100
36
47
91
12
47
92
56
69
14
63
25
78
33
59
26
5
37
50
81
23
18
42
74
89
24
33
74
74
46
10
18
62
52
37
70
26
73
71
78
49222335
45919474
26794674
29487480
56323016
63995125
40113584
52779663
34980202
27354248
54198846
25413367
48768645
39030732
74213108
62120430
32077182
31440223
49805986
96540023
3144622
70279090
34108232
22047940
22119358
85287186
34782609
91569924
59189704
69439905
41423365
26032
20077050
3226384
52083220
52563349
94207661
91651893
1820432
72081756
37359135
55873256
45657416
56586743
43666066
73563741
70425151
11140251
75891662
48195304
51060933
88745268
21799604
11832016
87274888
55784036
10389105
20594909
65312899
38578197
24724902
16381672
81126327
91305935
97107147
46570258
68689068
86658021
17134226
55853707
13509378
98122220
11883815
750912
26788338
34431612
79180160
5833798
92085367
63342101
90016788
32988525
63823203
61944078
70542609
46933472
96916433
77763992
89212088
59820986
63918044
65430979
25081178
55511645
91502897
34848774
13223081
50837501
10337087
95655154
91906217
5788844
76429168
78704579
66003901
92519756
6919688
29412825
72164961
90679314
55000229
18254911
39032841
67864312
46411315
48930095
74129299
19427525
36035930
81470814
20928028
44541502
60237425
32271769
78599340
55979219
42214567
40763826
40521569
31864657
93286506
24096486
68266996
82759876
99941876
78012055
52483912
75318247
60544869
64778606
19331828
84734976
37393257
78386642
23413589
79187650
88413136
65317667
43190864
12828153
11537489
31853582
82372901
43576114
22114796
20882384
11116901
75370512
14424333
9531352
71863094
99641547
87999584
53075647
54449725
1698331
39854571
60899793
43689525
54582573
84881310
53409431
81838086
12806627
70072063
85240918
6779310
42751602
57059427
94867253
53937035
13793407
31716601
6659139
85908586
44629928
67370936
54678063
28017887
17893351
59177356
10370511
72039690
63004427
18515271
92556480
23094870
48590631
28795784
55033306
94933643
75804791
19706909
68154704
60179032
75678752
10438162
64148085
37402654
98369743
62856494
8145167
92470708
51492887
2153682
29510230
98899464
89082240
12115804
19612327
99730761
35406404
4243781
35019911
88951601
30167429
18046322
66645545
3143816
61445549
98827704
7755945
52988764
67062427
5227218
35521066
89826349
92814921
7491207
49373267
46490638
38131381
57847835
43270368
71463686
22772427
32630196
72208766
7048010
44587400
49651481
59278681
90879760
72565228
17751440
49466709
24511807
60060800
43744484
71919520
48380300
76584017
58321887
35606720
92396522
79353256
95943730
9091043
61206282
26398062
91671228
63871731
93902085
35024895
62698952
22540042
85784989
93447414
44844415
32952300
41105968
89818722
18215917
79183126
1421332
34984538
63080988
75547099
60812027
80879756
27136136
92643820
14408092
99359359
51471974
16876955
20726636
56808018
98546573
47342187
20192257
56280791
71624297
3172136
16837953
83456303
25779322
41531947
1999765
56614000
57874544
60764717
7007071
2420408
49349728
19891729
3365018
61450329
76085416
11019732
87161933
58221179
50001979
3214570
31550021
68299389
33591753
50198538
33201853
65831635
58698747
52450824
70332717
93895797
23458936
13231381
50913182
42391267
40622018
2585726
20609390
23230499
29995411
50332559
11001084
34871563
41698649
37855773
39994764
74369006
32813949
74808617
53168790
80868348
41368738
20721389
28758670
63155337
24103522
39584075
85587513
73780138
564832
48425101
93818003
14090717
33733245
65915324
91545628
78095802
64165852
29539193
13278026
91060324
50103715
82509255
86227407
30799195
64499865
37039916
99090308
19456835
74583505
66953035
71056957
49057925
94958112
95194888
16460607
53484667
6954120
15017198
88131234
89875111
78983025
58284410
72810871
96078997
24032528
6746396
92867522
7714381
49356032
87940386
70989694
92704896
88596107
73717030
20442880
53551471
2573375
14817222
56532393
87471216
76694360
85537140
67396576
15586088
37015711
59594142
42794417
32713411
71557385
37451172
92004551
88247392
44988390
16990112
83867856
86296561
86734368
51644635
81960676
20222483
50100102
22427545
81760365
63847735
25492086
12151723
14375877
67834993
67978045
7890062
32233371
86131508
61685249
76871279
63140187
89665898
12653927
76864317
95730756
41661297
22518057
63692097
80229777
27374112
36215969
34967963
12040761
71713983
18697274
48605462
48958368
49434091
47537152
35783051
27622034
89176212
81610689
53894222
99865189
3387173
77373427
18646525
53640301
58523690
22963505
12533984
25497718
75889563
12441612
34378320
71823053
67357624
23224573
83912701
83308891
85565284
82310451
85236029
65792916
8308046
89348590
44979686
99381957
93685370
70470252
44445463
98811752
37508117
21578717
5078044
69443275
32504190
21517497
16399008
92269017
81937857
21684031
17158536
88550289
59555695
653389
11322273
30928036
4470657
83298995
44142134
50056076
75749870
43328889
63939602
58962100
94820315
7963826
5064377
13451482
7086394
30712367
38436936
13515401
5858674
34250913
27217901
84997440
65188732
93948869
44072816
1345976
58699973
55060955
13685920
95538150
16808274
12471389
53775126
59394446
22979072
20710334
8231732
19179472
27529098
42957498
40859908
40218128
57975266
74034387
45435996
47473393
21582811
95006780
67629794
2040337
35042105
53311433
53936990
30212310
64928484
36102661
36734495
26006625
75746315
60628418
61691214
61583084
89578013
7861931
24589369
69963047
39378148
80879257
93487912
90364770
72572527
27338248
42503995
53857786
3891449
12731021
82723698
31085029
37802593
77539138
73462333
41044403
77724581
74974250
68857423
47644887
11967582
24299130
47830299
52718472
94700926
53266253
6735653
32254402
70594024
93981935
96325694
68651494
46792956
88187564
83333949
73558277
82384437
15759751
62039728
4290290
41352971
82222352
1654945
82617161
35420010
93933122
53730276
80008974
21662774
81935706
57933679
35521460
81662119
76065922
61877200
6679783
2242830
62449315
14745662
76335498
95247342
94478522
919268
39467070
29094979
62654704
20310728
87296825
79475933
72226163
60313365
79466579
74822257
80952160
68454678
6876960
93742187
34320359
76327978
69361171
88845352
60292273
5019610
21161011
81927882
5935025
38659127
60803424
46198819
5977783
17140003
44504868
25192611
22592142
45240069
23627713
72793396
77640840
39410464
28648399
59715675
2099137
51297407
51372650
12338362
84815803
90437922
97016050
9642877
45783808
40067532
39059341
90057094
98689438
60090537
35504092
70985462
78391985
99736168
82283045
18375315
93412420
56878859
35353358
801838
80633022
57013656
59682307
91424310
61407297
53836240
88622433
11671812
7969867
4952085
33407939
31275547
38385615
84895778
96204288
21732900
84029245
45857137
84177195
14290620
58861735
71781445
46761234
76275175
10497888
1422134
92207121
23544354
35794048
15425844
19234599
56705318
86280402
28569200
46194857
98509007
56739517
45392825
14138901
41996221
78636375
87601311
45420960
148432
69778589
85593709
39303837
46949271
53073524
99830894
47869237
78147122
