93
44
98
96
57
66
70
35
81
48
86
14
56
18
21
63
49
63
93
59
14
44
13
18
100
4
39
49
84
66
94
23
14
5
101
42
98
74
7
20
7
18
100
92
31
88
46
75
39
93
92
60
19
24
43
90
29
51
36
101
69
88
87
29
97
77
18
14
42
54
73
76
77
58
82
38
41
32
86
77
10
82
12
74
5
91
21
63
49
92
75
1
2
75
58
99
98
99
68
92
39
49
49
61
70
68
13
100
80
33
26
74
47
49
48
13
43
61
12
35
86
10
63
2
78
87
82
60
51
15
92
35
27
23
33
44
47
69
73
88
51
81
91
60
95
25
58
46
14
24
24
45
85
28
4
60
53
4
29
42
39
23
71
68
2
1
8
17
28
6
38
38
92
4
72
65
95
65
68
67
59
24
71
88
81
91
73
97
74
7
64
54
9
55
16
59
58
10
33
61
49
38
81
45
54
88
22
45
100
95
24
19
61
86
90
24
11
31
39
17
10
99
59
68
3
38
57
77
97
41
53
71
82
91
14
67
80
84
83
77
25
90
81
17
59
71
9
79
20
92
27
39
61
31
66
83
76
68
92
92
101
67
12
16
34
27
69
95
76
86
100
82
72
10
18
56
11
7
74
91
63
71
85
78
31
34
27
26
55
66
4
93
92
97
62
46
41
12
15
3
98
98
46
29
100
67
29
49
39
14
7
44
55
23
84
81
40
3
70
14
96
8
97
78
78
47
22
18
23
52
65
49
23
31
90
27
77
99
101
68
25
36
7
26
55
30
9
85
52
40
12
56
25
10
90
67
1
38
63
39
7
12
5
31
89
84
15
82
39
76
14
57
18
75
44
17
21
98
53
45
98
23
49
20
21
54
99
8
43
32
23
57
32
90
31
60
97
79
56
76
38
63
55
91
35
19
61
49
69
101
60
73
80
34
77
57
11
62
41
41
92
17
7
92
23
64
2
19
72
87
30
87
75
80
13
84
60
90
61
29
37
59
61
37
72
76
31
89
46
93
44
59
61
88
42
62
65
91
62
27
9
29
64
23
36
95
91
20
73
86
43
64
46
53
78
1
31
71
42
77
57
70
66
3
99
47
26
93
7
49
63
28
42
59
62
72
20
18
66
61
37
9
64
49
6
27
57
21
76
45
8
100
73
82
57
93
7
82
16
67
87
9
59
4
37
80
50
24
78
28
2
90
72
9
81
37
87
13
7
25
59
34
39
39
24
34
96
11
95
61
95
67
51
45
21
53
88
69
85
95
42
101
35
48
88
58
44
55
64
81
61
38
23
40
53
82
42
96
33
73
68
19
76
37
47
21
16
32
80
46
60
84
48
59
25
68
54
44
47
47
70
70
71
61
12
46
101
13
71
101
11
45
60
69
53
31
75
87
73
73
55
20
71
3
31
4
57
47
51
81
27
95
87
3
53
19
87
77
39
11
83
55
57
20
87
23
32
71
14
11
92
39
19
2
70
12
20
16
86
44
25
18
72
35
80
96
21
67
85
100
70
36
44
88
68
22
52
9
31
19
1
2
79
86
91
51
79
48
96
83
68
37
12
80
14
40
54
35
83
26
76
34
98
91
55
26
94
32
6
83
26
47
19
83
45
44
97
66
17
98
67
42
27
75
35
85
43
5
71
17
84
28
88
3
2
87
82
61
16
60
47
63
36
94
92
48
16
88
39
4
61
65
68
94
74
70
4
4
16
30
79
20
12
11
85
27
47
18
92
94
36
73
16
29
28
67
10
19
25
74
68
18
1
29
24
85
3
40
60
38
73
85
44
35
19
3
23
97
4
43
60
27
56
72
41
3
96
1
4
7
7
89
53
65
29
47
91
86
40
75
20
62
36
52
95
65
40
39
16
68
15
88
17
91
80
71
42
65
48
26
24
67
76
68
32
4
4
3
56
3
73
37
41
85
4
84
34
7
14
10
17
1
46
69
82
15
52
9
1
86
70
75
21
50
4
76
98
3
53
47
63
72
45
27
68
42
47
56
29
46
56
95
99
86
8
56
90
88
47
35
13
46
60
68
34
57
68
32
31
44
50
96
7
99
47
88
17
60
29
8
26
51
41
