10
100
97
88
24
39
85
25
5
93
3
32
25
87
83
23
4
101
17
41
48
23
13
80
49
22
65
97
79
71
65
10
74
23
97
1
60
96
90
84
84
50
8
21
76
55
57
75
43
2
70
24
82
73
59
85
1
25
46
15
34
86
61
7
27
32
77
96
98
24
101
6
58
80
8
16
60
97
91
79
12
43
97
27
89
91
62
7
9
81
68
64
42
82
15
57
80
4
72
62
26
64
15
29
67
61
96
70
3
84
9
35
81
90
86
58
57
78
33
31
31
21
15
61
29
21
3
97
16
91
36
99
29
74
64
80
5
44
57
63
101
90
75
85
55
98
87
57
26
30
34
73
63
3
48
12
76
36
12
45
88
34
61
94
94
75
88
71
79
101
95
39
80
46
42
12
15
9
95
47
3
32
10
18
15
2
72
88
15
77
28
91
47
66
43
39
93
47
38
95
