29542486
509646
85813255
97732767
38710571
78680318
90384763
15476565
26978850
42279539
46961254
99560759
85344619
66445149
92622178
50499208
6951296
36396021
60069004
39559437
62675968
99520354
29791099
16219381
11890968
77301368
16911877
73705847
55754770
75576217
56278360
55704565
13150363
98495375
31188782
64355107
46227382
97113908
36727829
76937409
28096107
74631964
53842343
19117073
54875764
9252663
51599021
89695312
10215440
98871633
34349109
24056628
48448023
9511718
5489128
17867256
71736947
26321403
98429115
69816441
49622909
84715800
11078872
42873867
28228919
36920384
70280142
19848234
56015552
30433545
85521581
21412716
35556447
71511319
3126121
27754135
78392959
80249886
56893653
4500252
68609249
71035342
35614706
87021152
20317525
24907327
89013585
19976266
31759496
56484042
11869081
66586478
43596704
89472588
6647014
93305231
69244405
54444293
70117530
54567656
66271103
26710097
30201237
2996091
20395630
13936639
19096920
89745877
57258758
90011968
79910411
23549299
17619799
37870186
38911690
85001815
91814647
52078986
73525245
96208426
51992711
67872615
44539373
84322993
11223449
29058514
33720119
8272309
66702442
71616599
27105551
79651905
62991463
41613437
97968731
12052366
54807602
90632719
49906750
147388
82954238
12728007
33987011
5518429
16527501
89203656
4555011
63365798
40234427
61540779
13722981
83703278
45752010
19809352
17217846
39056985
43929829
18697307
36110642
88274646
9280179
30139493
23183492
50852479
1003434
68615206
92322468
32226427
83161306
27816772
48286109
40252987
27233758
31457831
88822972
22212304
56202748
96982307
45955971
92986027
92667370
27058133
9147221
18867254
71222842
8857899
33485797
97989476
45527735
3214034
33754227
98329722
8660402
87786326
89252817
18205668
35109687
24216945
22610832
1490212
7545811
50720424
7214474
1539304
64892105
60562681
25503197
27510201
44856464
94498552
5576977
61812649
60995961
38143026
48928213
2126180
65214696
74437289
35709937
90323006
78399248
38116134
72389582
13456204
86257212
73080820
65021384
89217653
57314246
68715539
93015009
44037650
61325488
57857827
23160159
75577089
28347252
75674545
1876925
2129272
11545561
69824080
77647116
80362897
8730819
77056347
16786522
53996638
60331017
20482472
51446863
93485055
21303159
37271744
31387552
45936741
41039864
10938320
45954420
67886869
87947313
49643798
57173036
7369062
64756614
1459205
29607816
20870772
45332441
21186702
81520370
32037225
199466
17071369
29615638
13519842
1270173
15975695
31723482
66639411
36177469
84651337
84679161
8742311
85505902
42315865
45616410
77165707
68036926
42735241
28626542
90113240
58237434
74314624
88131045
28572792
52135371
58682074
25866523
81012580
16623717
47993152
11740108
66436122
28874680
50532133
39610870
46343653
5681297
75374504
73874265
95515639
5416275
6956332
87406710
48942065
83453546
30852274
52765931
68368262
97869342
97545720
82551525
54142531
15658381
41899729
88722208
76244853
28370753
27615056
51281457
65750308
47151547
37840172
26691527
9957519
81994920
31126605
56503475
14643666
20904627
69975796
71968355
16973027
25064058
25389983
22316154
59913164
89045830
23963706
38889545
12736443
65069176
22000948
74456830
69932411
66670366
45067781
6492542
19456908
92802314
97119953
88477799
95764430
54991834
63361822
2029956
84975156
58184739
45947717
9977090
37607561
90815708
55293532
32480944
7275465
17946728
34390399
98532201
26905691
92255602
65886938
60790121
72770792
90560514
43184975
26844450
30533876
67188900
40757962
64718396
96566722
78493439
98432874
28885035
64501252
18175572
97574883
21259281
44964058
10129580
48024692
38219567
42883291
46217450
43899115
19731214
71039576
13834833
49030989
86272660
67717936
99112248
563156
34630676
76138705
12399806
87870507
2717022
83290499
10135723
28365035
48237746
64170325
35368482
22515055
59581348
37494187
21386992
54283390
48790182
99020397
14827688
66075005
28627401
57164557
55968413
18120305
87675178
51301534
79719783
51716501
73899424
95142326
6154105
21246297
62940910
10756284
67146068
1933731
48626576
53617704
10384087
15680455
71641576
33208478
61928144
40628289
62655627
47577983
18981780
24016234
11749972
53732141
15310684
48597557
42696990
83211404
84353766
96558925
94288685
58350720
552047
83615946
46346898
77751178
4089237
39200536
60688770
99270526
81279151
96341025
17287205
24068346
33742617
41917211
12911187
18996592
1289456
12194357
50840152
75000243
89620448
99209340
98329486
62651975
31839851
63982928
29899706
47810842
2388278
86118932
18780769
33805600
46492883
57301896
13783382
32104435
89744000
88916603
20459779
737102
31640166
23786124
59783257
42774262
67473289
24296717
4385288
71884034
76147484
26087731
48962851
9357166
85564792
52578659
58248733
23342663
54642786
52996439
9645896
93152846
75550071
11170614
87265483
93197132
62790814
56245212
83595674
7091722
5827190
22562326
25155773
1320819
47176886
23731617
63877754
37209456
3942205
58876488
9902986
30649008
75031818
71275347
79252525
94918765
69375130
13495615
31676927
9936378
68350301
5609994
61611730
20892132
49633464
28587659
26089330
26799809
63171787
14946258
30278720
33121612
81987710
45976638
85563884
4791850
6910605
74701455
85777919
30845136
88597348
27048302
13961311
48343652
46327473
90344351
26904583
29543203
27228838
87489869
17402578
31826758
53117881
34346343
16202132
4104039
70255718
56733367
34346658
4685612
80419070
7720778
37134968
69983933
51894873
51296957
89582251
38832659
37013539
86875835
46350540
64188846
82991686
69263977
1212185
48725945
89182856
29247261
30749267
44942299
69593706
23927094
82717298
75561150
62625840
12335401
19954976
88489728
45229603
90158472
57141673
77847550
74765581
93821723
33482827
51658933
49084426
31771538
2978922
83720684
98856546
56118748
62423646
42978494
50890855
45140247
96055464
31036399
68480040
41515147
97194508
26889908
36820320
45026658
12878294
76244704
49992331
64346672
20366051
70039425
89860044
69602415
42168293
17925275
24885223
44975355
27190771
66563167
54529582
63028652
49506773
44873022
62916349
7091866
93407484
5566565
57973390
18550290
61839351
74152948
43706986
18636713
12208267
79669571
89792915
72613267
11315506
49999831
24881342
7833737
47047334
11450597
83460807
23258122
4447311
59210023
19688600
42544879
85237166
11312097
60309477
52534990
77025738
99406364
15442852
58260946
24020177
37500547
68540737
58773678
61766971
33315415
46947872
47844181
21032460
66611360
66185541
24189456
18306125
47879560
74493896
55796978
13653633
89661143
64502502
8112816
96221118
95652389
61710735
16171329
27297015
31331736
29092138
25644126
12042868
18653709
44218056
39131801
46262931
23048708
93636923
71725820
54793092
66852143
34594757
95721086
28590613
96534061
2897274
8518130
5384239
56066153
42653296
43173535
69753757
99027571
56076417
36525583
30459397
76917712
97909894
76474071
75314722
6845717
78798472
26131347
25351271
32476289
94747614
18400828
87799955
7635412
1833651
38545471
41973689
76023286
6794864
10286158
62049295
75258765
75281779
54216640
93219163
19600523
75067958
71831729
25373915
19647074
36343845
22260650
83219535
14076060
33096493
7020576
92491188
67491572
98443018
30104949
24827586
80220193
86665748
36892988
32371438
92367266
9465845
31283377
44601951
10110348
29596091
59993666
77023707
41126955
23128156
35007262
61828902
19537884
42970309
8903167
14156995
68445957
35061609
52585566
74571403
13073082
38527619
45436863
85274215
73300178
71427266
11265371
98214574
30418439
11809291
28751211
71757746
88908550
15791450
41015990
7810416
73356400
55429475
29895923
2091739
79610675
18545976
29481686
37155730
63191147
1163043
17951890
88785288
69077706
33982413
60503009
20749492
97312022
25652130
30491358
69449777
67042370
59638520
24305708
93351126
14957964
56500182
41718564
43667359
42961350
82402023
35539509
60083313
92072990
33440267
50099160
97042292
29283604
31544447
26441522
85044895
44155623
12818304
90418740
16753717
31447882
23133857
48511524
62373376
34757408
55963614
37969224
28384334
8665917
56527143
6809203
67072751
14579782
37006606
73108416
13913842
12074048
69592301
99314249
33267873
97854979
32605692
33514516
94546067
20899044
8236562
33767647
24155518
25998765
38814299
82267813
48547920
50054656
32521875
29491235
11338779
12140614
15377463
59869906
51281674
580950
17201427
13156560
93180320
91533771
22730868
8474010
31815880
38610400
51605336
41833265
74074462
14496929
36335758
77223174
79325492
2563189
91941628
99628907
26895166
5862269
71521510
61602685
14448935
70614469
61795576
36849816
66888494
10670962
98311643
31351397
7467012
1965463
48233222
13670218
67452727
65349736
71717372
77796532
46754340
63661790
45233818
18016164
59721850
34120807
55053705
2809556
49109271
38657494
37482858
36654074
5001363
79130896
20213001
14836165
63184988
65295102
11710032
49149813
81754855
14155633
52184373
75159150
54077881
4549997
81252672
40372245
10355870
47131907
71230993
63631527
17822854
42330361
97742447
69959326
8448130
1999186
71427510
96708165
31844091
59977353
62864180
18943602
59347716
10908562
89586855
96137085
50958456
78656307
56659945
25171960
97048340
66122848
46176871
821463
8093438
22707114
32875412
59320489
70944369
86788792
74019542
39419606
23261289
39800149
2342996
86814195
60744319
84047477
98486284
8120877
58597386
63029643
5738073
71272244
94424843
86941867
58896246
87746377
22952854
99279561
2484652
10717224
97348065
27239883
60105332
36728483
70683875
43182619
23626261
30414630
62671583
17296654
92024055
37638806
7190753
84357359
82110414
27737266
16964687
17603824
93380484
36302203
5571333
94990418
70306179
6032905
89204588
62206280
77101059
90076720
69674556
84395711
78691844
64634755
39511025
73976498
67023683
34188104
37396612
34243443
25927735
70759468
34192825
25648917
11999803
15626363
40253080
62856339
22952025
89095446
62997455
63367758
4877837
16137779
54458792
70343511
12311255
16375007
96015190
28187120
6875678
25597959
48113073
64303195
89100402
52863838
74036118
81807829
79484998
75210869
78609179
85665067
6910490
73040004
65631668
85856670
98337595
14583822
78769261
71680405
74928347
65558598
54246751
66109538
62150216
54984998
71254440
87077469
2198342
47670913
60082498
98160131
27725120
44163772
83815873
35665682
90130067
87384718
78075240
14311965
86172282
46238101
42072537
36205026
3397569
16870129
11710876
20494899
77142964
51794593
75458467
82942534
57350863
18786582
17149092
64043597
2673127
17949413
24983901
45620309
78951659
65591810
42820727
46362748
5577383
62890972
21667581
48049539
86515937
24324793
1157522
90743349
20473813
38006087
98004996
14475904
60326974
80218237
21200306
3587595
53437496
87341667
10224213
35040045
36617151
41448577
5677374
93095392
82743180
85003665
44468673
46673824
75625149
2368532
65454196
95109481
94803737
80289498
18861630
30124744
63660465
83139230
58436130
16333486
7902438
2598036
339072
64916121
61658190
76749337
26583221
24020045
3149561
76486357
90506938
45975289
19528144
16122909
40223656
85250516
4650705
92178623
4178675
98974599
32430232
82736097
32392933
71196690
10341803
75833909
4657733
68649757
44593381
33212539
53000650
86858440
51330457
47933788
68729646
55261166
53716516
70798262
33026738
60205651
4105477
81210945
27801797
74208062
55006439
13268936
84697509
62435476
48110926
86564795
18531911
59392617
71678610
46011732
77651
81975006
96317988
69131699
60647172
17547005
966107
25830400
53966976
80172482
46420191
49382514
67597853
30464943
98912954
93915774
26528307
8184817
30628419
48281756
76534137
75714481
55975426
27853613
65124518
56534107
25816073
76483159
14318425
37675351
82330241
41846041
40666329
67990634
14746293
62835238
39433357
75677376
81660154
26071048
51572546
23076006
2430017
42787624
33645057
99861009
71513013
32660968
13860214
65352212
18554263
8160127
65425860
91839478
12869591
48853047
37900775
99225176
74970773
33034669
23152356
67445089
79580183
93765045
8178302
52370342
15921989
22589214
55478582
97757954
68170040
47530515
48284881
65445561
36499715
85481283
31671953
50316222
65352061
25393228
10979688
17706424
67767315
10124910
28450156
53560596
94932504
7506269
17420864
24615514
5979110
85587015
82130635
81453795
21341072
87695716
81506579
18631807
82376097
34049406
67865043
36778450
33392997
77774775
38673124
62480072
82507143
29729358
88427823
54937036
33849848
2131111
15459171
27084638
36701947
86309000
42580600
48028113
31853881
49997977
61106883
99207565
76038636
20847561
66837769
41935385
24121428
39506293
38292166
29353324
43063904
24558043
1573997
23910387
82989338
93101691
75095655
76349459
44527638
67419949
99655650
35628587
25552798
33919213
7974109
1622274
664930
7721566
70618615
76453234
38153654
13411773
67914775
8445410
46853244
29757311
90530223
98382733
25873853
24851556
93204650
93300561
20515624
1035174
87830201
92949601
27871046
83435575
1851477
77524898
34374334
6361845
15872510
66982922
96422
51658146
51570830
42950706
79818590
5116088
54695476
3696934
44160704
25758002
97051523
81538617
80924952
70942955
54001212
27403209
99624838
32237817
21234442
63655096
26411887
86632307
5727572
77350696
35330444
76162941
63688471
35536377
48441283
61521281
3150675
3920763
51225754
34144531
21174757
76428534
92913964
88613888
26420590
78459356
39743951
23116725
52588313
18154520
18999929
58907489
65947489
84057500
18684807
53783216
1470386
96559415
44218056
77792639
45221492
3985306
50577446
2335571
11551891
92451883
15914752
23909140
68535021
62060989
37982255
76502529
29189359
88763304
37342616
909810
99727275
51369239
18131104
37773779
657273
69693590
21203830
33132555
32032298
50127054
32654825
61226123
25188740
36768569
57715035
23369949
59164253
85235937
18358974
25053756
6415238
57397429
97431734
70775063
26197465
17575004
52175259
98700205
72487392
56670076
59576452
63195998
21833258
71133070
46399165
6896443
26024972
12822915
86175836
54878312
58567709
83579276
32588955
21084208
46981287
290537
24983520
96566613
45502339
90633853
29040585
87763581
23405077
41090676
39864662
91867503
60366116
30602844
12377485
29288083
70958221
66289109
41441340
14556443
9128510
52748914
76068836
88312933
7415955
16338786
861190
12405250
70703521
59237001
10958381
49459647
86105734
73314776
82167573
34502815
33159978
37317828
49870185
7379288
65485681
61827193
62131700
31545833
88165105
99203742
52247401
23791557
71568925
35020681
44232980
12322113
98994170
35814974
22697961
40151740
88972670
34721848
17824166
28522067
17450387
76247926
51343104
46578067
48662629
70313476
75374410
5232348
97621401
72738515
50921468
55742132
13610798
30401020
35067275
9281584
89873764
94713269
15595669
15633829
68665141
98648358
55260226
69513048
60050788
35390631
74671878
13976924
72646645
44398704
78749637
98576900
12553720
30007135
73234128
98708836
26397089
42987861
19112202
2315497
54961116
80875135
65884631
37635970
30484645
37555278
5702329
61469807
13210550
49741381
80966782
57098476
83404323
10262006
57057476
12451752
37448332
79800770
68252490
53133430
20325531
78222733
33018520
83248090
71621790
7440420
28811643
29042530
95743496
10171641
61565274
37504546
40441335
99227690
31358821
67892458
3819049
22262673
76421228
15088428
34176365
58839676
17121851
22948782
56583671
2528769
32567638
12285660
37661692
2723319
17181386
71926763
4229859
18400413
21972466
54134051
59764125
73160464
92263825
75034163
6602562
49459069
13986418
89311475
38939306
35783450
48604645
86521396
98683384
71777175
51278279
29475175
79806158
57886741
62282590
46908063
45179297
49688392
69476901
17625564
81689231
78939869
14046464
30566284
53507066
25468815
37475356
30827815
75317660
29198461
77906271
98082747
16953821
26127393
94328336
70336342
37528556
92848945
31029555
84237051
5692564
82912131
47469534
39455013
29893322
81980822
8030964
12563100
73531635
87236226
51157632
78076157
79395990
29337608
10948660
14955350
12867826
55584636
10497576
77776159
43076458
2505411
21696788
74215590
17428310
96245990
24442845
68022875
3548628
81273263
93043473
40489056
68646475
14863925
86733446
21627304
72400906
91101911
826290
25078836
60183696
29722593
86860622
43702716
83023062
34852958
62997177
76030774
62584725
88135700
15139855
89289119
12572480
66482109
22981454
66338427
84305079
99934726
4944057
98958388
50927743
52279991
92918403
49012148
13696654
2533060
2946386
24637042
4223377
15188807
72815837
36904694
77386590
95389199
85368681
7793353
36680834
44826208
69077709
76150130
52936174
19458724
2780940
33024696
76242750
37759919
77401030
44587391
92261469
80668930
93977198
8762277
56432008
81388715
93227130
22377987
89115711
67657158
54154642
92022195
61668771
21739549
70325260
70088699
17918425
58933883
11730670
69411611
22412910
60138243
23542615
67244175
19901543
37122602
77350052
72885024
53815912
87036695
97489679
2220576
38312027
61179413
25053059
79164110
85610435
43878589
29937430
28387722
25235811
18557862
95636366
32177097
17397747
82980908
53883678
30630785
1236843
49980532
92910127
35830198
27322138
8568683
14235845
27953482
8897559
96478940
65553796
35636296
28210850
81506639
15489525
26318976
26424659
66303801
82494877
13963374
40877689
42545819
32791585
23774964
72016341
86175925
29049945
3681317
31191064
32491189
92094200
38602011
75727049
80162507
64559931
39863857
76389434
7403893
21770090
63110915
84083786
3192061
6013006
40620558
68948042
7576644
21058177
37406117
75314483
51731386
11442749
36419791
52382085
18983886
65733042
33131691
81085390
35629445
75886241
5056429
12120989
58585940
60129661
1161632
79912071
91750568
98807361
53404760
89285106
13953731
52079937
92373225
95417330
56999261
30271453
86472871
63645935
61852992
39157288
35574115
62385186
2027846
74000396
40218274
94856700
84263427
41240080
28192682
72292652
26291742
86076243
70875807
61656465
13646959
41318682
87873150
28513412
29681501
94019054
77016308
15783648
95902139
36836966
29704840
593944
53166
20871332
98865141
36641800
17620684
9609099
78618783
13151931
50887738
61652740
26771737
10742730
37641504
96809530
78359943
36083481
2235120
59298692
44713225
23448878
82037782
60924743
28621351
59926215
80274411
88322918
22682042
58846304
25681909
11771280
70732972
59206529
38123908
39689007
90283965
82264710
25596912
27056566
72133211
70905832
35531957
30153584
85366462
31823020
46995912
29496420
65668268
85966964
47701532
15220362
3197326
66009204
51155294
30746173
73192211
52831463
45585080
25212895
12982148
30028293
96505673
36207192
64521681
5114214
87283468
49991441
88289767
95474151
22976363
7343505
78447792
63583294
58448520
66083925
86960497
62774311
16075212
21958593
24440950
4751876
48423802
32712343
72787625
34702938
92909352
83951983
74618558
84491678
54274527
28217418
74999411
59303475
61581126
76280853
22592052
82910251
72646932
19887028
26886707
47096839
87681143
88888503
14811671
87685969
59840850
16511201
44684106
75320048
4169527
57896598
25030578
52002225
28905695
75071143
57192996
61590210
52536600
68891615
72412174
54924982
37350155
40110431
70980860
27851430
34986813
98446850
1426246
67311023
53626486
61768937
22364842
47824994
44332262
89251318
96019365
42231272
14336006
20896869
677472
69245159
84065962
8958200
51634980
61448947
4096518
68196543
82602181
83733881
5921863
68194773
32506905
14185752
52784180
14881514
33776577
6254989
9669822
87830638
41529987
53834851
31331815
35902610
10633717
25202318
19717434
18462335
16301464
92853072
44334585
23015914
85876717
94318274
37893759
70648683
6579168
27467198
62101768
90703362
68311732
31260673
30272568
31151904
85199357
20526664
94042022
83271287
19074278
55327206
67333912
92814528
70907070
3391968
17417336
99482554
92486598
9242685
14811943
33196920
74160580
85834593
75196665
49224889
53236677
16747282
92164443
93251280
81804888
36380213
44423279
84703860
80234306
890481
63129864
53672617
92574033
32930905
58716929
54939089
52364754
22302048
41766163
93612801
44443082
62340845
18127231
16494517
31680636
14912417
85292990
80099376
40861365
9869092
16700864
47375788
31331016
97084055
28021068
91835031
43940456
1547791
72248260
60813693
89304571
6102564
74778113
50481778
75426254
80361065
63571868
82564483
28471359
21741071
82503364
85217959
71356677
28949446
70135649
94028736
63574392
94077993
90488861
46834320
34988646
62756862
38534359
79566906
78871299
8332191
76289066
96467675
30437969
29944053
68498823
52484394
67156871
93489239
75716508
28245742
17330112
25222797
9299046
45907205
85698220
47583355
89911920
23667785
28030365
68546137
7112445
63668188
75116233
11359895
15745390
31386636
82885920
2281077
3918323
64164602
89449691
84972866
85838597
50050716
79918655
6193004
71687427
4112035
6972068
49596144
14898440
64617824
79369870
89867774
52589152
38772805
50737501
7138627
24118598
21728813
60206837
60184112
14156259
59019626
91851174
95884216
66489661
54681518
29314875
13579701
17557065
34000442
87383395
38775809
93418425
46703056
88134048
78994647
8316281
3180567
84318801
12640781
25691701
60518371
1107087
76690614
62003340
42561253
165424
18103736
6111929
69662629
8143656
43619595
85167131
59180433
30510673
89918939
1501666
40170413
27864348
5077108
32955645
42713272
29592903
81817594
61695646
35226305
47763151
61699258
39383597
28635334
45255148
24350182
7643206
3490906
53368214
10105663
40003727
40122104
87274384
8767833
79874493
41044184
8973572
41087582
43879063
95401247
37806795
98137350
65555861
47045303
85606576
87207308
13892770
10866501
63603245
59819595
27503127
1881792
48951237
76065693
7001645
69983238
73714794
72411378
9594689
29238137
75278070
1594931
15267925
31023105
78115800
72499850
46629592
26718250
51871938
7721269
21652835
83593821
36302900
89859997
522133
53515028
85247523
1935927
7932109
29443688
91728043
8198295
34974374
4126301
17266548
24851691
60774602
39104911
28561716
49823232
90368386
29839844
66139587
86127982
97334378
38954772
57197833
35143485
60802491
5797083
31182279
73401117
13653795
4252765
89554018
77779861
77616010
92177006
39672199
84799573
25462380
42348227
65692468
34695012
60600714
15790725
70642829
2731443
41186824
71485682
7948564
7295946
31921898
31427982
66043585
57432103
24497094
21216952
64096309
16498838
24525786
62311421
68899694
74843975
45581499
62955772
87485867
4105725
88978252
5847280
93857222
99935858
1545833
88433127
80019859
36616164
55202163
83161451
93098436
75434382
39905044
2242716
87257561
50041595
28266360
97131746
21483410
78219134
58271925
25099274
33776788
24745772
16380697
45882497
68998020
26869627
61279458
83365365
24708547
40171296
13773656
72189840
31892602
77795631
46958375
27916644
94366431
28860251
4581883
39133645
2493004
42638902
40415144
59051776
41931107
88496626
41827974
18167563
13714548
54633162
11298703
98878621
97865445
10940931
66832606
34519608
90381154
49676202
48898231
25681229
42444031
92089288
89726416
61692940
85053966
94387977
42852077
14474052
95144730
23668206
24721990
51079170
37825010
95868535
74023217
91605357
99342171
15808673
93320553
25524869
48470196
3766923
56518741
90745766
69452741
76300114
6305591
27081043
68850030
74940658
61309758
98985307
65415545
2027268
37303446
68537887
56698370
54994838
90316947
78991725
6393636
54446985
44429515
8030082
71958921
33610467
94189582
80941393
95440365
14627486
77963554
27080560
5185576
3285802
16629743
91850272
34595265
85550156
66368244
32359521
11874071
27957433
93890165
99608804
19424895
64552319
19098455
89488081
69926122
44606412
40485090
76108968
71995710
92136111
84361643
23217692
46683019
66840984
26129731
37543467
75461651
15863969
21140342
13929725
79957690
54046221
59983495
52529832
76972018
95936302
29288991
93168154
11840715
79756369
23166529
68274477
18060661
96690266
11510548
98448457
91647445
42473378
6851055
31697615
14989956
73312090
78374693
37759983
47762759
66027802
68451874
75783275
33166729
849864
94621519
61528896
18297907
46387531
50952712
5525459
97910127
69582568
75715131
52741530
74631615
88670562
22084359
47345500
47350614
61187288
38583187
29410788
93892333
61603652
46692868
63407329
38346050
88857367
6085696
13999522
70642547
32553549
32326123
10020204
44920554
48192173
1558361
18304553
85151
2107048
23158982
22321261
63801907
31606783
45134771
71220343
17415879
70808791
32172635
68891360
9610375
78966634
31941892
66182065
89998129
38036313
64260369
24700963
74119884
76837326
15104596
29648359
49768774
51258762
41444377
3958319
20321526
12897054
80796129
51161468
53967537
26362940
22197533
49201064
98624235
95962259
93527051
95518007
70198369
8187027
71170686
96022054
93049001
86908761
82372617
98797372
75605898
21520942
64211830
22113628
35591141
75674726
92216380
81741585
64291280
99619538
13524207
30025216
57553388
70236466
53141230
79325837
98271068
83634178
10682102
64658767
70996916
48941229
49464343
28956867
83092557
4440289
30851562
93213491
90600493
71437983
90597323
92856407
31999519
24511229
28906792
66229171
26222964
29887004
23871331
70309288
85918879
31278845
26274044
64774384
17796161
7371251
69312774
87969221
47109690
31336405
10921852
56054983
59865478
84433222
81743256
10600086
74409789
60338253
78113231
67128668
23887646
85560439
18004063
8401136
70710879
52423383
32682620
27805406
22453663
61052572
94045555
75624166
50680010
56018354
53153706
40141806
52466008
61856444
64991132
9069525
35576062
63806594
78614785
4931916
71917424
47072423
4576324
84582627
13289359
44204851
7332832
62181324
23364797
18302273
30738239
35671500
46718678
71152294
47911142
40104180
3214429
59185747
55794232
6235838
68838511
41148559
87406377
45362780
52027985
15444863
36246707
66148101
60056609
12658401
49044839
73171230
38413362
16871974
52783633
83892791
82408426
38579012
42033881
62505355
70716777
58390149
65542784
14410521
31067228
55194847
15642921
17428974
71042671
85174690
84644249
21352571
87970530
97429519
37104827
2679579
4534029
44404621
77992540
81669887
69501852
68856790
4679978
8926607
4137802
63066313
47477676
2970148
24387982
58319486
94218407
4797407
15606996
44302456
70773880
87435916
68239747
79582433
44811918
24100158
24918696
25057391
91173650
86881645
17987711
69017109
96998400
61798148
15029079
85124989
89497126
45619508
59941311
64405684
72977989
21753034
87625340
86760308
36643780
25211667
24732690
93875127
58559436
66571233
53388742
28799724
22394402
17153079
79494612
93584956
9215121
10650866
49046875
15609856
5508685
69876011
5159615
15514445
27715586
48960356
80645389
27091306
2657425
34182923
7650840
79547379
98930169
24323761
63428735
93211645
27825102
44480586
88123796
61329680
32678297
5247103
53429100
80206035
51407555
63555563
44523780
85602881
63698148
85874953
65119580
38969458
86892755
7154993
93078833
32678566
2882155
15146161
66486826
57768474
68638343
86957690
14396806
3531870
24660839
29186635
87717266
5967079
24270284
62916917
9046411
17894147
53299362
30698828
33681395
18637953
96419011
86957226
71743531
84358533
34705884
57761920
34307757
27083767
12669067
94787090
39522948
27916804
41807289
93008131
54101735
67732418
74692830
68788497
68356209
74502750
98881236
20853353
65164643
87154919
28107388
17683296
89788252
42718934
11777919
12668660
89497785
29443739
40449131
70574992
68905081
97288976
82930698
85940960
18275248
8370122
5615873
69077321
71742600
27527953
49692448
81815441
7643255
93336993
61313362
42228385
53300727
68053028
75039998
85085337
9030645
44755098
84001117
17657200
91066589
2246931
82089040
17104744
28378233
63913993
40723606
49474527
90950722
19125055
28855650
23759471
12349553
28091924
29957398
52381149
53984159
42185294
41917708
19283135
86741597
63663418
35161092
19870203
52540594
80458119
25526560
45593400
56036387
35611013
83030617
59333648
92474897
70805635
14905985
47119389
6353906
27623533
73721243
26096466
95030875
74742558
77483784
58314881
13487544
40896478
29454370
99806723
89044794
71008177
12066382
19001198
52851980
84526000
11345341
22050975
75951951
69995929
61689131
62334658
22501444
46475222
38841383
94139337
95195342
40427239
95380878
50842204
28650392
10769744
38408078
26456180
92978346
64453643
67903353
48969214
24231400
61226850
94832066
75660358
37689374
63653545
43582142
78200809
80492112
83581867
72545004
11116299
3128726
9145485
15993167
55495793
37612381
5626510
97786841
61494886
46708754
47910930
43897052
83021968
54398821
83964212
44161749
65574773
73788973
19433989
31285217
21527462
75236139
73767111
94097357
11847259
63707613
30272413
46501488
99738076
34381725
37909864
68658255
17503240
58911895
57776645
2835408
14503513
35041222
97290811
87585094
56781353
48891941
59840091
84686871
22173796
47829632
70761747
56586846
47604886
69404766
69651551
73410387
52425273
42277396
41704460
97404112
43299492
75733384
15382902
57014374
66246779
70773594
68651682
72574171
74694486
72951353
13927084
30474625
85697234
23544659
53281681
84804381
67179891
28715765
49221561
12849358
59929787
65334833
40917040
91329854
79850987
18614228
29271731
15772205
55515474
96890805
61942875
57890925
16058645
71191758
45622142
45591450
28146085
32994860
21574887
31837679
1238631
68939251
85161513
40845612
3529785
30485468
70024459
98684064
77120658
31152682
52493464
51976745
50561697
71367567
51836501
85997858
67809158
33854608
25623074
31667898
35207572
48138417
42265364
60801707
33303382
68349253
9264062
17668660
94551117
94430507
71465800
69726803
39384821
99891536
1618808
64490178
9857760
56594824
49227208
75417177
52662936
81779854
28504451
48576990
93466980
17024832
20137573
78855932
40453848
66648511
43984027
8347915
31390054
37514977
7085714
13375318
57458661
95122267
54633734
95755582
98963029
39480640
24831550
4573653
31258068
21330723
70704991
75629763
73970736
10934843
1386146
28051782
5340244
6915715
5200884
91143996
25327161
17158241
43158301
24675772
78328778
27953291
51486969
4451730
1767173
78699834
11052453
49654347
17895395
30592818
11892597
87265623
18611005
42639655
23138311
72425227
68773644
57061209
45841479
21452755
79858132
87256058
90095118
66682422
77133137
65300663
49653484
82650064
189385
7471708
85010329
33861776
1792434
84563900
91107102
80791646
69639761
67634418
19285440
38931871
19304914
93166089
33224540
61153172
27341209
22666714
56310530
34235654
45439180
33781354
52125481
83997428
553136
798397
22724290
24404284
96300254
47272963
64128569
29534700
50870418
33734679
89895244
89292729
53464094
10151685
85975827
22850491
47387329
98069930
38008656
5618971
35267815
28907570
74707158
15587534
27621411
63944600
21233183
91290880
16555112
77384735
98353525
26435457
6176871
73122310
59334693
22208199
34402687
20045884
63787896
92439015
77993175
71804058
69616300
95980341
34678915
28477347
57955019
97196404
50478937
92508037
13967852
5547226
11895920
40273412
36599366
72552078
64815159
3803509
79700164
98738384
47974636
48381181
63049710
69573614
58976174
35939043
61574119
96579532
14611408
90824773
36710022
51808015
17784803
29096214
6707552
34589051
57071525
67986047
56331077
51082251
84943260
58776647
6019414
57800191
48358425
86715004
77881765
62036720
27885483
54227615
60645429
85438848
2929010
65537889
30007684
88053790
6026617
98151727
92787777
59906467
3963179
31621926
34267956
14159420
19335135
71846636
12625140
66576403
92980132
54593262
26555732
82162237
82532209
54530784
72125446
15080541
40609904
95854611
81677571
84320141
67827010
20574220
83423323
36867269
62275428
58680008
22709902
48778866
55540106
6960142
26817910
94069478
50763274
92473077
35557573
97475163
39109743
59036701
63735785
70857782
21551402
4592778
33378654
85595487
42495537
7254817
98829626
85223171
32636789
12404451
64479042
36901047
46029758
69767357
68047719
48416803
70182905
43019238
87606173
32957227
5242318
58906732
32308041
96913901
62875599
78639131
38943329
10039556
62282570
77198133
37106148
19963279
82218872
14298405
95425893
19668102
67001600
58611503
90695364
5695317
61289486
61959574
10104463
70814175
5949375
47429714
61227458
33028256
20346788
77790001
7668176
55691344
14275468
89819067
96958261
68448328
28807519
31867802
33217105
58224870
30829735
76753013
26991938
72651733
15780475
97041189
11970170
91582818
98447153
14500101
323922
13118706
6201359
74213177
14594305
7860612
92127109
9794365
21614096
72513744
55125194
61957513
75738886
17854516
42100917
4983127
98590679
91822152
23211792
61363573
90383877
99510706
58637230
18408214
43768254
59780735
53958594
89315344
72070098
44222476
28426828
27265456
75304218
50045559
3681940
93573854
25376271
45583442
79760279
45493348
88900522
37682834
59811864
41929371
89469251
60029680
51287137
47580526
37913150
37727632
20349088
39613196
84902791
22986227
63012754
28992905
11728701
60853500
42716718
71402705
1859069
32114804
17353760
34792738
70698613
12139735
42163747
23361029
29635468
66787203
93805821
8991446
19252050
49367696
30556519
69853953
18777858
11598546
2732400
97144633
7103891
68246974
44150834
99888094
76149565
28137676
12668403
16203566
30004618
38917423
50349010
19675422
78213139
67370676
7352654
34440596
19860696
99732030
20515254
32374656
27771978
83039925
45955553
42896017
23639880
75136271
22333886
33074010
45271592
9111862
44890969
49383953
74377619
56411188
81339011
18842021
61162655
676950
88477836
16541279
84103173
70901227
32478402
29535771
97606027
20130628
67711982
50857817
27669319
7369508
74011193
93006649
5016874
33119472
62304368
53233702
56843346
66447428
78393506
44253202
34662819
16115026
97572555
34961005
62052027
56619603
79958477
38028223
34456480
29846044
26106361
6696722
64946186
76525035
91681179
94715064
41280264
90288377
92188569
51825293
15442178
57928128
10474753
60879868
32861726
6682520
61587730
62448303
52891917
62987089
25753701
17822569
62161306
92759526
16975197
70140183
14454436
62089897
4041851
16767224
65721488
13220909
41351736
32972184
57999671
52243740
38465012
90786123
42945196
17450206
95288581
47936335
3006278
48066809
26750108
84964326
22301898
27975470
38173034
6113936
1263716
18087063
58678583
36221160
6198214
96440465
28370135
96634628
97482290
72620923
64122574
94636569
67070649
33715983
27060855
53029440
50211115
29860977
54238168
85782147
90194132
30162843
66628969
35656752
64954812
42624563
4616744
96607043
11127190
47925788
79215701
72618875
50044231
32896661
19284201
86232799
41985425
54178663
91462729
32923516
73378556
97221299
41694887
26267357
17415183
53600778
33124457
99681106
17695972
45127151
90108305
59859326
64730022
29850305
4511856
42507046
24525097
73040312
58544395
60009490
19406887
29747437
93414122
46462075
1612177
63529897
21323379
72636317
46865473
17962551
52068944
8602441
8880510
94229433
28785393
48247046
84520003
85075491
12129870
3663998
525898
32830147
49118082
97221974
70719244
87396584
82204596
67840270
35547492
38223761
17393079
91362335
57202245
53836896
40662503
81412448
91172091
4767438
65053221
32513109
21979540
62668843
1533625
61717504
77222457
60743083
37716521
60002546
37464812
68523783
5495802
57130150
49233061
25675965
61381596
43672647
41593105
80804812
21263725
46806527
98724552
61237206
62161602
43555157
60662887
75919819
3699519
97059211
51797193
87989085
46623029
91143440
34555521
3835228
45260645
41619621
97663865
79143937
84760037
5270829
60802622
73763130
67455122
70707754
48341744
24868065
4143282
14376889
53468637
27014272
4134363
87949889
71023108
8539712
97568838
22174006
57469591
28150659
88335753
29518659
57769774
34103684
27950371
36796142
71346359
29866049
2218786
2695781
25887486
73728814
94264084
89761657
8237203
60593006
39240705
92666105
34251621
35438738
44875327
60379273
14363229
78393778
83657207
89078020
50232233
86651288
89094406
6797049
98566612
88381386
5279334
18104097
29717807
52986612
54831160
39525105
67344947
53909944
21620691
11038732
18324375
38779303
55665996
68988194
11539105
4502052
55091229
14094059
44488663
2576390
79901861
65937500
99132834
61694119
8440518
54552804
13535502
69356134
83218867
51963137
19201352
5898784
80184993
20669287
13848583
17721701
88469089
20988557
90009148
95244891
67361632
734693
79684457
19322819
60773500
13232710
21572597
680783
19655620
1219268
88248759
83429383
49702665
46404788
74317871
79804532
3571789
8047016
81853672
67409522
59934405
73470964
31094621
23211595
58819631
53430571
65931855
67927162
47803784
75324211
73183127
87774256
61554624
14758548
79330285
87270434
99230198
74433395
87828899
44896573
96288827
25421786
80635624
8232562
38451760
14234735
22448104
39022859
82699638
44163312
51064546
58457346
54067909
59035799
8648947
78140939
21628608
94582839
33907978
76127702
65880154
51633746
45768412
89960340
99288042
77312795
70438969
88535475
61187086
12253129
93159275
92357550
2736488
61894100
96251358
6969368
28401094
24254994
65498224
86048853
6918748
57488807
28888558
41926992
56937458
47732581
39348000
4495477
90332466
66855718
25433754
44709097
81351763
37559950
29625661
31578601
26378844
40760591
55130887
66309493
55785354
45713619
61176538
26936468
86251101
61990663
67995973
34903764
11601701
6348331
73878891
12684741
49000389
30748977
95733877
71326354
59328606
93172597
90546358
86586523
54076235
78954366
57625536
2725046
6048905
59619525
87038813
35573941
10743029
6954164
35405117
19078692
11612943
88586563
44591582
24749332
87908612
76390274
15350720
66753949
29536314
16719601
7986282
83569619
99923812
91801260
37366176
51250114
10660934
17689164
27377874
3238497
3838288
40055000
95873292
20133890
682725
7834440
23493506
92431704
60109800
14385275
95953308
88878419
30253730
10177137
61243587
65509094
66148033
26639073
83472342
27519318
6970511
8411031
52846375
20674793
51980948
64261646
68997520
55274434
79731531
5714078
84614869
1451707
59916236
91826925
94439234
25956875
14911674
33005069
75459806
1327808
39297932
50624574
73092216
72635627
74961048
3047582
27837062
39233367
46660507
85145821
83640799
86132188
43877993
3820008
49106253
28277341
72534058
46956481
45280435
57207713
15247171
25441208
47389894
6514799
81474397
92458752
13773096
28351882
31221763
62344156
47623972
5596122
68122903
27805103
2562249
47825925
78959923
5267832
85338604
63641029
39150498
18652223
63023648
62580950
26416442
69771085
31675900
86150471
88601135
6628217
10805806
4435547
69790957
26510056
86695406
35306162
23696450
52902919
3686917
63751907
10589936
27211269
33384532
43350675
38352458
40009080
69406504
93711090
19243075
29374871
41996199
57437007
19285167
34838868
93126126
84389599
57397969
49093074
78854823
66303987
96174857
40505532
91961097
42249258
32754073
48148719
97035263
21372710
38524682
93422655
73310948
27069684
90337817
61739508
29648122
90617085
40606583
33322117
85950585
14288756
44995780
23119508
76743455
84307933
54276771
6346133
88021845
11992419
57265607
45837032
48579897
44863416
54870213
15403725
39827098
17537218
62878075
164058
77605629
71573841
34392552
44307763
6941025
55783819
75813844
76122725
71988238
22944208
50546297
53365010
29246251
36179342
24371587
3759215
25435237
48352018
96241634
81543939
60949041
79646935
48288621
36173051
52668096
57398253
15511028
63021820
37616793
27439474
37165969
97390752
39804129
30163863
69313948
36338087
41747940
44994485
14309131
92528235
97215933
14999615
34485920
15160284
83849421
59989271
97401511
83265346
923897
50381899
13640639
62595502
88801443
78460988
42187557
23618064
9905659
76551048
98100807
85987026
12819223
60610555
14970551
51572625
9111160
6992871
76032301
86116083
76124118
89402942
93817318
97335429
21649991
14984622
45480326
48607818
37476873
77999962
38679438
77012024
43466407
64851465
3735846
6914129
83468762
35700369
10510827
15643162
93647445
48467712
23668690
42475995
68258766
99089329
33738431
12508948
4089511
8570340
27059124
13758961
36259238
24338045
88115848
7091010
79623614
73392853
69299799
82926348
44642230
42796070
23454944
46510111
28082014
59092655
37416199
81995781
28319316
29256746
94770535
41392686
6284542
24068401
87570888
75205219
1125476
98964
5902820
86375741
7202348
76105697
26127845
43036754
90966775
91061693
34745865
91894341
59106037
97615415
70486465
52306518
88467077
73746697
78729856
68944890
22715012
57564646
25136952
53560413
76032090
89102247
8644679
25233377
46170130
70455012
10247942
40904955
89499523
20664847
56185404
6244155
3006891
976459
27442479
44014888
62179798
97588927
14403219
58262438
95764719
47132930
75373930
15656560
71529006
44800069
13716634
78745497
51493629
21590800
9598566
70082770
19996212
16080665
73408940
16546758
27628551
242449
74960110
95976001
99876349
75522644
31356174
67364140
38310977
77506807
29777079
39279129
78504807
45820431
25864597
52606628
75078970
19236994
61705329
84730832
13569545
11317791
54791175
53160769
15818629
81659313
33902330
14339794
22220401
56599947
63871231
15461084
52491768
99137417
723811
99854849
20135605
8581613
35108208
39787508
54830867
80575270
91031374
7056662
79287127
94688470
64799640
51495618
45168213
21118930
73936278
91620846
94041106
9517150
63980680
67275175
4465926
99116196
29637954
3135990
46926022
23172365
91239673
76086730
63339562
21631011
38022458
66457121
35926389
644534
96021189
89680451
5159033
68502433
4695514
78017502
6190223
13671314
14893401
4243816
39679698
24510337
84568500
49687912
81729109
51209226
23197638
38906728
79892720
29621677
80319169
31887684
6758634
6385415
69215035
7491415
44650222
65657118
1308490
41166810
42532333
76484504
83622626
40862830
69518149
7398540
93442938
83078099
36614587
72148895
6275430
27865149
41751468
45386026
68071145
14234236
12190649
80616824
92571865
54092421
13861108
56278988
25128301
53949644
72342990
1841333
14831157
35648809
86452168
25488980
58356570
6908653
41542330
21484417
75679231
41252122
94949052
96712614
37311825
2241182
72038238
67883548
44870367
99335100
59090890
40749550
31292402
76394828
96533992
54670107
55141859
57862495
14037255
96198570
35054692
31843399
59300386
66140019
27122207
13142506
72794873
50901233
30694867
20213350
53021876
97491570
37172751
44093413
7984817
26937947
94035552
7204699
91292922
83093238
11809336
90188821
54867111
99099471
23366820
1127631
435977
23928213
3820100
35197055
50344909
42580129
34338371
61670390
7105241
62400749
55720495
50727758
3109878
92685182
12122495
73377085
32771398
78361882
48385805
42572114
211673
16227113
90281830
30762825
84112206
70866852
90016110
61333687
52349977
31697413
28833446
48971891
11610807
56557544
32675263
39127944
52161682
96241867
6552891
8902919
41893323
96773696
52094036
68837864
7627093
42853617
65723651
90658824
26725499
25669900
23237851
10833471
70200366
6526751
28028241
89470887
19643829
38043957
58753227
10866447
5252703
33531646
10991640
35179652
78777390
66023875
59397731
97562481
2534950
29722173
35487341
61143820
48404829
71832028
9197718
579236
88592375
98102333
45376307
26401748
66229566
57888700
18391857
72076440
93331555
49768657
95610265
85955747
59379712
65206713
68063136
62647008
43695986
25485268
59556223
33456434
32924485
91162527
4878310
12144857
11468667
17223792
32074710
86355435
83261021
81226379
28301666
92717193
53342708
74662950
38542380
90443475
7837491
65873833
92080665
52161805
84745515
71589964
43955023
44299239
51735748
1653865
38667719
20666981
75796450
74091485
5236700
69005299
48444784
25539840
11597279
19538146
16964811
19750904
81992932
28846416
45770824
87359195
57013799
90660032
67519817
83060764
66564578
12436402
68098035
10388444
91881869
89823081
24897816
68113836
59044278
97149276
59678655
99593877
3549109
22970002
72332056
96499041
36463262
60135629
98152521
90487771
85710774
32961170
40704895
81198928
43631659
2143062
62295883
32888682
67757839
30529008
9234150
84162008
24094097
8630396
71839459
52143548
26209132
41331700
91173561
94292235
99693982
82993905
52478100
71603144
45699561
92903585
69549786
19525370
61990885
9574319
12727889
82695992
53494524
80319522
90754865
12611763
27450993
36449373
66124888
10391810
23017435
1846020
93424104
10151737
79321179
2809064
15577027
46123424
1983104
57425217
934966
6503926
15911190
52419524
19108179
67631303
67250579
34426304
35673261
95469690
27807604
37551341
5390041
1883668
84701975
39704521
47634751
1268464
80934409
65695443
58859953
32756071
65684434
54786160
95763596
59295620
33448714
16421968
47369533
29441556
54086864
52433283
428157
15047901
97929648
3605746
31270432
61994019
50375621
57311627
1245745
82854558
84067336
39194363
96193060
72420957
30153583
8538908
30825982
40650476
60567574
89313526
68267094
42342071
99337051
89413703
95453362
91795689
65266677
2267109
9635543
46989808
95169297
44002918
76271534
75215252
96988246
13125628
80513349
68004009
62206725
95264339
28680831
2269646
51445540
32795742
88465742
43630758
91223246
44367226
92561584
24580435
49756340
63720833
35552267
13590808
42943987
64040167
97665849
39296890
66994198
54955489
35858125
83139321
91276666
80197777
61304039
28141605
74725253
7715785
66842537
95427161
29498943
88829611
89626134
47930714
14973660
21465352
67060421
52107881
28701146
79241597
3925346
20585648
54216240
65793738
76507447
64486424
83151331
63459250
98249842
3676742
64299569
2558730
75168285
94538740
20725440
43847183
95185133
54653377
21335514
29880590
42261264
84212923
53594672
18629757
2113281
15503021
88235311
9170712
23446122
89343336
55810284
20482554
11993597
94078582
66616100
60781338
9169870
67222977
56432866
56251511
74975866
276097
59185960
32739129
51726036
32703214
3878586
9197594
38333809
16399358
69226269
72688957
12577570
6978856
74751650
20548325
50805472
13669770
46355632
67312670
63422015
77754028
99215024
5277785
51705047
19220814
27458877
86058049
87114993
42947559
3090449
48743903
72295334
49754584
50505801
27730629
17297677
56420350
95228161
76669995
81347642
41922585
69661972
21967975
60229555
51500141
54750577
41141929
32827612
25980831
41443131
39342934
31334542
2638074
48718733
49126167
56382231
30494170
29747800
41768855
20959511
62174471
99768977
8918513
71062075
17570428
69486382
79936011
86311526
6155059
54234375
64140133
86840016
89783759
58621284
75456883
26110212
45035737
5276198
28636097
16551372
53545654
66073503
67801141
23017379
83471857
44741093
27870794
70333417
93392281
32446681
32919468
92767081
12605875
32862433
74586097
1504175
99609027
58153990
39839451
27733141
25288828
10522575
50307853
59450096
68523025
36947035
21376602
62512809
24792284
22724394
8305612
78775130
25532829
3774939
71181975
17299931
69239551
20038618
40614881
75317591
43097059
32894953
17906846
68590598
58477591
64764442
39498350
48008024
57330412
57425773
71571909
55136475
55110010
28191093
21829357
91225530
377049
81149640
4908861
88491458
83394183
95732233
70022986
89643360
53589766
24474
55044176
6907648
37774528
59106508
28369966
3629623
9862960
35023216
84593597
64913235
17297298
72439656
80865333
59750803
37984021
23604923
9737459
32836704
88320882
85801743
76100866
52489929
44864618
16695667
54523108
2401044
85670551
11567577
12561979
99080392
54427999
20632
15499914
83918357
96624359
3038906
87562596
23209249
38332627
86204278
31779930
67527751
17289005
87435810
61358923
39234077
62159446
38529782
97020971
79835852
89726532
37272606
90170816
8499322
35002011
82900075
38499056
56918661
84305522
62349809
19644197
25897256
44569759
14412827
96373210
9354260
29513548
39564131
33819425
1766329
39007184
25953055
95055952
68454119
87180448
73372095
61375355
65733161
76975714
34182245
54138037
85128332
3015704
63488873
60916803
31079276
43409903
66143297
78936778
30711053
75349352
45502701
22950009
19558645
42470164
46659574
73336088
90359948
75701979
30710264
30069256
16967780
49228715
7192831
23600727
74591557
31457471
61213384
55368262
1773396
92374075
18345567
54976840
48646513
6856921
91674254
37994268
47247783
25983214
17223160
30071964
50894685
12272616
42407134
71918279
90209017
121473
73865799
61718385
75987457
84356363
26540489
97010266
96299829
93157101
62755917
69555859
83745779
55336187
32638591
58408387
31279624
53243775
6512596
33424649
85314985
30798677
4526869
61155993
20442850
27818848
23924894
19787308
78687313
56023566
58076361
44762030
92072776
36705210
54134879
80118979
35950261
79968220
37029506
62117945
1766805
82643914
18451765
32542586
8939168
8643754
80983028
2706717
82162931
21841756
13680674
99493647
2780996
99266370
30555440
4689240
24620649
61095639
42922419
90078316
20926121
16215269
82356187
59189852
45452052
94231825
43135615
989786
82260578
35648602
10002306
73295261
21071177
32099120
18371122
8011745
55397646
18246475
55935493
72494291
1166328
42309386
1734484
33235503
13265005
58849090
83361904
99354559
69851560
16760822
1688679
80992867
26506156
55527287
72160894
10284456
17086151
59106321
47746742
89924746
30107279
50026943
79741699
73052664
81061184
61879968
373145
9774762
82038312
31851364
99534954
19922796
20548829
91734938
90137779
90200562
86047789
75117600
92345136
85406471
95597915
26435289
57311134
52909675
77645287
2708354
38373560
87450269
13574820
63032907
3730827
51226653
1618924
32611452
74669448
42737216
52007325
29226546
47794139
71925173
84224891
60202904
76962589
2562577
76951914
16352520
6523684
40171019
80797825
70917188
11218349
515630
51284243
8654115
23690337
87124525
35900412
15901664
12358026
36419463
28966975
83924795
45532189
74958332
45735298
48398302
30627368
1890456
97519830
15966522
93448668
96612314
18053501
29858910
86898931
6535775
13029023
56792124
44905113
84836019
5885131
11646789
98487635
41625379
68736301
668295
65383944
56030931
35443180
86429487
86135640
33475798
49956691
30169644
5802025
37511266
4213800
21919083
81467560
93266862
36491998
12611922
29255274
74200232
16692245
85465860
38537880
53224341
62254177
24096004
22709932
61324019
86612845
65979322
50536835
12432365
69568550
22970228
36035651
45903798
58556315
36418946
26720046
62134636
79854185
83090058
28358762
85042288
58922580
9921514
6967269
54713012
40966566
83715593
58155337
20784890
47398631
18698852
61265486
21006584
78403036
28133695
36137485
70349112
50350542
67101353
99833320
36088172
44982692
75183756
2993105
15073216
66667867
44542365
76728461
35790453
5955532
72215884
82352976
15797768
93325970
48652918
92081635
32940966
69429662
79166725
86667129
97739115
94136781
76053413
78246432
43110685
89762350
63666412
69277652
866091
59198688
62189050
68847101
73488717
52531695
7966115
51034094
84475007
512340
77875266
11088986
51931689
24445962
71297158
61306295
7136201
27048571
16989072
40368564
51000245
20338610
76194803
92610706
73790552
95255554
48449675
47262383
80355087
84467456
9621587
78627238
3845629
22113767
41134000
17597644
15379653
36392089
14945415
79122791
51056795
91728801
6623035
79015647
76907125
72003489
46888309
55546903
43755972
61069551
99461415
10306074
62825720
72259189
8500436
31814599
40759219
19099885
70704666
83721382
90614277
54554061
55459684
16343541
73498655
27977759
25150874
45381324
51501303
52902904
63113828
24377069
56104800
1311008
63600020
48821350
53610663
78904879
38843657
15772630
26385949
68631150
61255188
11283248
75194465
33397598
48423682
24334664
53277450
61027568
16252905
71939236
42513036
72764523
61657736
61409459
80187965
3849222
10245086
47314739
35377551
94601846
51276579
18041351
59060745
57045718
70477287
8300764
95858052
54155833
83420162
98438902
40098556
46820936
22317318
7564412
86719399
78631519
98581413
99354151
52688823
33854393
77089053
68931045
45215334
88149421
71237406
95492776
69881182
13422442
8088271
17241827
47250453
88335722
91524139
12239510
52544545
53207762
68226785
81945066
23808081
29309228
28072523
43744469
89657067
76810560
35369129
86558150
77334845
78486068
20038387
35764505
81679080
61572961
90807334
57464543
25099202
56316920
48253513
82255181
53702325
38622031
47521330
12023275
78205327
40814390
61313967
83293081
528309
44639945
54035938
47835096
41901954
56322078
96011424
77652297
47747931
33306542
82249411
18498584
23254638
48430811
4465766
62685152
32144525
34576315
84447557
79802618
5150010
40462804
58760282
77343397
59174917
94076773
59792782
10139290
83965603
82338139
12458199
33671031
83955429
22728291
87356945
87181557
908957
93567138
13525084
15801395
24391629
40861244
70869128
2458076
90539458
91468782
56334942
16953965
22764786
62704320
99144931
61202106
69515208
83025935
80109778
92070788
34257107
94358590
70349564
26555292
36143151
21990558
12516742
86700736
76600514
53094089
94774771
67178643
62448725
90864410
39265270
45124747
7248140
39028582
79920293
58361756
65966779
85861161
27399115
8933253
39902828
6392957
47930254
57996336
5771429
10403263
9280558
28389399
89538999
27010154
17853094
33767300
53223185
53914001
97661902
98093379
79575521
22938232
52487767
63949726
67558322
4171410
63824494
69209070
44682177
63255985
77075787
25788996
66527296
18093321
64422168
78435032
68881437
58862241
85860962
254366
74234509
99649165
82586177
90813977
65292569
25564141
73797631
52714886
29514235
32366089
34929811
9269588
535528
30974899
35605854
36723699
35880461
96711862
80686886
11728492
13687054
60543000
67315094
19066372
46727104
18948369
1442024
33313289
48264480
28010554
54941733
54727299
26509552
1196097
23640313
94552458
14240362
80874039
22082250
80763600
19687221
24004322
91740167
7045974
28246331
38537610
7268593
45757206
3220339
46466958
1342214
46067850
37536808
2972405
62749641
76717435
46500978
54295478
38942088
30967952
78575930
26954505
36566571
11726054
5108530
23059240
87727393
43833591
91721437
96264312
35012909
20577506
45955511
75261775
76614956
2485352
45318403
88261977
18018087
99350785
43541001
72988342
64819064
24700726
66560283
71685575
3003613
613230
84536565
13756416
14487911
37017287
33160257
75793778
2811809
43721824
87015905
50603228
73309076
7736175
93443986
54770215
78787157
98690397
54944324
8174300
40423031
3083193
35979904
85524372
17896640
67286135
54559920
16074938
45892350
81633840
68357998
44470382
89135736
95968784
50863244
53884990
54411492
77407604
2017174
53825251
76431749
82614622
89784824
78933484
2763497
36155463
92838475
51237959
70701437
89934202
80834833
46154382
48637450
85379855
81236577
93977734
62229512
27678382
13703189
16306782
78893912
11667151
79717122
65922443
57813941
4521104
73182381
26871825
90467816
14908207
79873885
6672096
57636481
96099566
57587452
46825756
30576782
14266736
86621927
60545002
31933026
34495738
40450030
9899581
78521911
72297764
85899268
3482465
44319466
72853032
15323582
85816301
2606984
41132407
98854862
19990216
9935196
45288552
99913554
15539579
9615116
6541522
44014436
13139053
83484645
69876862
4519249
98336307
22876129
7996421
17385012
51687204
46510738
92873078
10436167
85802894
39965957
31672473
9908150
15163504
67506767
25836273
46624318
56944875
40316060
72596560
32267186
35559084
24998113
83752146
61572392
62951926
94995933
93610087
90483305
53964788
44171108
90075897
71206913
61849245
59828629
60961855
38049299
95720922
24076862
35844651
23392812
77444489
22435524
46176416
22724765
2101253
45928976
29616581
9824782
4911189
80150034
91168972
52322158
30340319
25871948
35455280
80546296
66921385
10819856
42656225
73832283
95006311
84833466
16269235
99456147
16863985
11654293
23075964
54834690
12944487
77324666
99866362
35415910
6332404
76860587
91215447
74235865
76207380
123219
55069937
79976007
69979683
15128056
35539597
76076730
90973447
31779963
2814171
79006994
81742756
2414183
58102139
31072371
84662647
77345942
81712944
10567374
21837382
19751533
56895176
84800427
91601762
18930408
27140633
70317948
6352547
29215430
88147044
85187473
33167609
27474942
64274090
29860783
43672504
68596345
46445310
29524087
77739540
16583514
89451080
48073576
82708069
10828728
81313515
2248703
11994947
23521151
38009031
84224326
11444497
92465335
48410123
1142741
11618185
10145832
38718328
37274972
99641634
34360083
25288145
61702146
29436654
97465861
2653408
59887109
43715681
97959486
586865
19467853
81168975
18031931
9737536
45145106
44440392
64451866
36452871
76299079
56421241
36200099
38559676
7186605
45217860
31035865
53473912
51851477
56790749
13886074
77035818
84171839
23017628
42477886
49300137
61383566
11969950
3315428
48775822
16361730
22535889
25154629
48234712
21126140
65694022
12864933
19997505
90785495
72625855
22956469
368394
30218077
31829892
32994190
27351743
16760158
39519712
26766593
3412355
71013927
33124363
82777754
33370963
2264244
3874018
64941807
3832273
6719422
33177902
609870
98352715
65019750
14959932
89185308
65918611
30318707
64530726
21475115
49057997
928799
88083451
92287143
87752616
81466688
23876051
4338905
64235319
75404793
51295166
53131811
3774280
75813695
40738899
82443981
85427333
94656473
12742554
1044501
46382115
49793775
21687829
81507750
60355675
94751550
14476775
40544935
75640658
66822280
47130053
9849687
90306040
86516462
20965135
37153983
1732852
20494486
39274828
8827668
82275462
30138024
2396593
9668609
83830223
37686653
87573826
29430314
98187446
72426044
35258378
57259629
31626641
50061894
56454799
26546951
3002964
41299282
72011372
33145641
15637480
53778039
48674888
82899971
24246703
22478606
24439504
4603023
76748057
56332397
32414925
21802420
11450278
97474863
61625489
49859511
92196674
76341390
58275060
50900729
93757402
37939626
1697600
69207193
89742494
85374525
10645861
63894059
15771807
32875750
42581669
13032341
66704056
51502329
37515781
86583852
82334149
52956828
76538224
40492933
40317474
20591096
54585972
59814061
92361023
70242125
86092850
31747429
31920738
83120602
65607989
3853989
62708627
87142150
5967106
18075679
55906041
33373172
61243775
60883905
34106362
45370532
40803786
26451185
12926738
80282815
56600477
76185704
68383571
37042178
44049993
96092198
7968991
34874064
17513981
30465770
41154689
84616535
23992404
62823320
53538281
80279931
20983737
85755111
4729114
22827451
38385252
9158399
23689448
90920713
17305180
72955191
15818960
16275385
72055254
29184709
19410149
58213990
48692402
85773834
67100949
46682736
27911930
66899305
84970960
95247467
82265579
97806610
59146223
96507495
47931590
26076170
97158520
28051894
53145780
94563343
63336048
24301766
35646342
8532182
89547348
69847892
17969936
1537875
62021930
86550987
26648229
25072955
31239998
33256682
1488225
47993697
67465687
81612984
83222779
81651835
34745943
23087588
93020149
98646595
19452831
17729534
61935320
40349502
36067849
75984402
47603159
78593093
2861236
16713648
45574150
92020192
68863243
99686337
44671081
84934927
57020973
50219460
85604092
35574409
3995139
5746014
17414680
79689818
81838120
31766867
52896893
94189549
42718692
95997194
5375991
95453829
23774995
54165765
19495478
49793432
15693105
54689916
66701470
25426977
78662353
82767565
60651878
90079749
34642067
39635541
111017
46035249
39335754
87762780
54298399
821067
59192452
90160041
48062950
50704098
89102322
27980182
47947652
7559116
64119754
73406960
37210758
34887212
41514812
5871127
13816828
53479355
53282717
26426255
18246569
46037506
86498791
31170926
39918796
94432520
52900673
44869473
42076140
81753355
39483998
35486606
56057460
93288076
77298754
81942120
41628248
94900778
23118738
17738078
3828905
55774432
65935813
37218750
99744021
16090951
99831283
89892949
76062884
44480157
83630285
55576274
67608147
6707853
99985407
84502517
34099551
43295312
93355914
40449427
24333129
30148257
95303400
55200239
87685698
64086904
86068160
4415596
75293595
7392983
17199596
52187693
86808150
74748591
85342639
97766617
44229839
88829814
63727504
89455766
9167596
80768342
86403729
88851096
91802608
10213805
3494055
63563340
32441860
18261620
35051310
57692687
84021726
13931167
66559905
34998880
55636776
94506597
87123907
6443099
52572030
24093438
59958609
69067533
6470726
62086070
1556024
30933375
31099365
81394423
38674084
66813790
83158030
99791851
26409482
86580762
52808266
1103770
84733283
15070207
22838342
53534808
52825280
95132033
50309902
56520865
4037570
98836734
35999291
34295375
73504811
4354744
85816947
97399801
45822804
36209362
60776233
394394
18947251
90417485
38787388
88045779
12398206
64334344
33575638
9334218
55130726
36574041
85885927
46184868
13198541
48482927
46352001
13331943
45686908
66568235
15595455
35128209
40152333
40876383
80914298
7067447
31202466
99644373
21884357
36278697
11425793
47965389
88141858
65384629
3524269
98025707
8240382
86051607
21739927
6926841
67456926
34478905
99740409
2472026
32632037
60337612
14283602
44605630
62679201
11565409
66569450
64632240
85595972
65052515
45152785
70733224
94582673
7270647
93555960
74181892
25506731
21881682
74931501
41342773
98152301
54258001
87735046
98000523
11805488
15094218
47469015
18742501
51975476
2068685
21884890
20359862
93211753
72984968
53424737
88898790
58859832
81837281
55920157
27326075
95882174
15377437
14783084
601840
4051978
43432720
76228519
73412740
25306580
46553688
83810847
58729035
11225903
7229778
7484638
64573550
74800468
3754071
79663959
51604578
74296677
43760819
12372594
56034080
25646799
21217244
68708501
11895904
59232252
11754980
30857527
15607374
90830754
66730962
86019563
2994716
43285737
77399387
24919700
48225165
29064706
89149613
10820736
1515015
46686466
40158563
35229852
94534000
87147917
67272917
84580960
95801643
22362827
58929596
88761000
18757696
59116477
95789119
78272021
18295918
80153665
34608919
82870074
53682774
24897941
40591081
41998057
69005453
79836423
72067077
14879197
3815292
55782946
22046474
77030961
65617162
1543712
40677376
32507139
45154705
50335608
63541228
7112928
35902080
53579151
51707084
36313726
94561921
66120431
4195365
16629263
93657512
62498866
45732142
51081829
59502913
75315194
78330507
33393264
61889629
4673982
39321276
93917899
23979528
30413904
12794689
14064315
53286577
47075392
27347007
74236150
97227827
85429210
12429499
49632367
71565056
11022067
68592673
97870608
41464468
18437509
50700566
29159811
30964879
33875823
65013961
42435413
5043809
83610220
9405916
18707720
12836192
38979326
76173359
72795619
42073542
18195797
79908338
99463978
92544101
36383123
37976632
19869568
32455412
37197817
32238279
85094607
18721846
52254167
23871632
80793884
39040472
81642416
75974927
97150746
10282028
19297062
83366944
50175775
24787325
27866930
86051467
63594250
96690422
4858575
22984600
39469101
24689790
73859232
14296648
13080256
66573508
48662861
57498212
45414552
77471732
21394759
1106466
56069449
11587083
82616846
87205120
85166301
61364952
37519327
84408955
4252984
30041694
78671467
88156181
97644591
96734184
9053677
40413144
85953367
24120173
81143541
93992047
23633270
50979976
39458425
17532371
66304888
59719434
79440791
17672161
25983691
87019476
90354299
65008263
5157070
53671671
89717798
78595216
99339372
93779909
79443903
98115275
25859359
64708514
67141337
25959992
14253752
27674335
60607290
41908970
75527511
38165716
19160165
14989083
91164710
15720504
95829197
36516069
65459784
72161321
27608217
28940451
41218664
4870415
80260167
64176297
78576540
78582312
29181683
43904163
36248484
96049464
89455747
39351733
82040430
60647141
87341988
26521299
16002418
35174846
70160735
5201752
23689906
99147107
52966139
60120766
68808392
9683744
27305892
25310628
23193453
88466567
14929779
67364393
71837699
64772842
24329002
71526258
82409134
73802918
61029245
16273245
15955615
47980733
60551769
70883672
47831685
5880746
88686646
46014416
2775251
72395173
86726636
11996211
35975255
2935006
93976140
33413492
44303841
94965818
9337640
64826112
61565486
79143206
70898461
5595556
71299159
75555767
77136308
20030583
98621482
74145268
43205491
90697298
6208599
19823075
71181897
76997080
47061362
7960824
53024949
21841016
26917529
78516435
50446145
79990411
96733273
20592949
95485646
61458707
19259270
26588256
12506013
53730753
17852213
62781659
26691268
69655086
59134036
24689655
22098214
28341589
24799285
18170885
32064819
91089343
67305054
58743208
24412388
14358988
16596136
42499489
8605212
98863484
47096763
55483572
33222271
21626085
66202
88491436
28902279
43194402
54446385
34203847
3940286
12914278
32821637
87268435
24039078
63987965
85356397
66806252
28190851
80780481
86394681
1174447
68797445
82149473
21591981
70703949
55724222
21595891
36257027
59475091
52296162
92102471
94085821
62455908
97314164
27725106
82396129
46180680
23680367
38919391
91387761
48794456
56277685
92287098
37560809
51112475
36404055
2027514
64298587
8712564
18489456
51123997
29767835
44345245
44821221
58217213
66629289
35214295
85375810
39052910
1855829
92910885
83118427
59619600
62421109
63759791
38732288
61199353
61708178
17892315
45738726
60700172
96126971
7459344
96218254
22653104
18494281
68662010
1286468
43180955
2659906
20891469
60988244
29173498
94059031
54489676
43840325
97793824
369156
83567580
6725633
36104803
17583247
60816001
67675158
23371889
64540188
63899986
81349925
82890174
3684865
3901664
85859189
51174590
40640003
98993261
40029228
84260492
41003236
16570459
40706499
33692254
92065954
94665732
92321540
53199577
12124039
30002631
28687072
39697914
42696607
72250704
25406949
63452693
56669172
39838789
92355438
7687412
35972795
39841100
32640739
83681907
99260334
55408967
17576535
97779283
56831701
76543673
40206948
80821352
21677369
65533837
92747115
16359190
68386902
71915545
51453014
97650950
38097817
21992423
31781803
75909965
58985050
99858004
54745160
56912941
4300696
67556861
98849890
63922432
29078603
84516623
7544455
47867946
11465363
74715149
86942807
35518046
1925549
20278526
40215664
87088692
86432705
15738983
1962604
59254006
11032784
96362910
62312793
18316881
84998847
94144728
7067353
74447705
67786409
94960076
39817335
21070687
98153839
42097235
28844591
95079692
67174154
45992258
73141634
38784890
7575761
16794848
13933201
21047412
1787828
58790732
99521577
33983878
18994506
80692441
21275834
94742902
20067224
76191440
79617578
53309618
18698806
30408305
96780978
66131394
71069984
36369883
5379353
75182348
29897324
80293967
87242760
62525115
47047903
86345884
77654355
57634134
97471764
64086272
23403800
47125115
26686599
65796401
42745689
97116341
13045222
54614712
75211587
42263896
76741717
5492542
79791916
20257433
43415061
42429266
59801005
63068675
4398406
79742072
70427438
22895080
23759389
60261955
61153089
78978819
65184154
86259748
23505036
96015573
28275819
22038759
71156950
620955
69011339
88163928
47460271
25590193
21575867
62189490
91660408
1804784
93527767
60862186
17125117
46783647
74760348
61225720
9262725
19361392
44986623
3053596
19891298
71613929
84042489
31903871
76598111
17652684
95079099
31806105
45044641
93010475
81021768
67476072
96836329
23389294
42898941
6208690
18578630
45618180
94255775
5535750
50991637
42524741
79391761
14122790
58655793
39810155
55117950
7535072
61442722
26712791
83733124
48717436
39416782
73929067
903958
83902871
66627396
28774185
31909931
27239893
19262651
44918878
12518225
10918230
6023193
10167067
88166599
41418812
76951004
25978508
23869898
70109494
27815640
89021272
28931988
59836264
26658736
24300138
22738275
91093053
39847154
64593709
36169931
56753275
69682375
96292876
84451532
57614018
35167830
68171538
95699873
95132539
30219087
46275292
32389563
99399700
68864548
8104356
82604374
81914612
52216186
71622128
46177174
88002476
23080680
48365055
87283192
31825384
25658486
8806460
61030012
37436708
53732946
41098875
88013582
73783319
45280931
50757628
42145455
83352510
79512395
17975272
31326753
64615835
72834601
29927408
50640875
16795464
99955584
26803025
12091893
30416373
94034028
12981740
30611647
12607268
46500125
15730576
61955903
56226137
2126755
65908274
36150701
83089632
92224872
12535792
92027052
66945994
87314681
295905
69852602
45134483
96266251
39890660
83271414
