80230191
39802471
53623239
99574495
58137728
40885441
85199955
33875739
68823220
76505830
88158382
21346611
97992279
9074551
69402314
41873013
36932727
8655523
89037248
766670
14452747
64809946
93822116
10474576
74011028
44802143
39475324
99494344
86149148
96900448
56816232
66860327
29101087
80016685
84588704
49491076
58871937
65718656
45565539
84961348
16017599
8347623
41353290
62653118
61898989
71330079
65733684
41577509
23177037
63183011
30239519
49419037
25305812
48840710
25427873
38125030
79164669
63235235
95531118
52394589
60042670
72322990
99909373
75637229
60228615
45966938
15994367
44612642
28253925
90850777
11204840
1546655
3336352
73383174
15986202
60426507
32315619
72739797
37118683
43534745
29475309
99715120
66455020
23361864
50030202
47521001
85672363
70015545
74497172
61726921
49039127
4605877
69112538
26943802
84928840
24580658
9164369
94643882
68390098
77402699
84964347
67568170
82575942
29193497
87871173
33124721
43531278
69762196
46229063
14441704
26006216
98520694
92005312
18535526
53139532
79070889
43586874
98801452
72858502
50895047
77499864
49732403
15708235
69106838
21959571
71107690
39495937
18859292
85800974
66752370
64088473
17554167
71017980
18709124
56196522
60177476
35819246
49267721
61844500
32257510
34158446
85036857
21446715
20587891
22473001
90039263
3402065
76344805
56006237
45971897
20615094
4990346
9359304
2197250
95929316
40718762
77949802
76023977
52435692
42948813
20478030
22308356
86013530
96186968
89553410
62858274
83570038
2276564
49291926
42360298
4222139
18832378
32660406
11873333
7638424
69423792
75274504
71211158
84886054
44728312
22538068
76483582
76166955
80429397
30143516
12998951
48919637
82062146
25340971
62619940
76908900
23532757
92517946
29538963
47882023
29243749
6076882
39389973
87636931
57661839
67961203
75524440
95181133
60864849
4625407
52571077
61262996
52274055
24003932
89559190
51378691
7548478
98438606
74833781
53139376
20971543
86188766
29921879
4720727
5908170
28031162
83414314
43909022
42876096
48649224
76219334
26728425
56406061
59690236
4513589
33439600
13842372
10332445
48216202
22399611
5544662
75722634
35553403
15180876
38828318
32039784
52312918
35890458
42078458
26471620
23987125
17879028
86797018
13749323
85265330
69259785
42033990
43470537
87525382
44359620
72669810
7031371
25180065
51619437
69317408
30041404
85689405
67765787
95491921
41418246
94115546
40397881
87725572
761877
61794603
68739073
42978445
49769377
31284094
92223666
99821094
43432853
11033422
39944605
49351146
47379651
47882224
2069599
15977787
57331255
96917189
21139952
46797231
45889220
28031242
86617422
91619432
18640938
68551848
64422022
53957937
21637380
38466784
65608811
81919015
87837162
14609374
36423020
76822213
90208288
49554031
64538156
94938023
43467231
2048917
73529948
72385226
4220846
65473961
98301452
90744660
99582891
4082288
70910882
57701349
20132506
2522479
12282548
55845442
38492678
29404611
85228097
69301513
49741658
93714007
74627751
25884041
86309531
87037088
32816225
40673467
98802555
20079227
57703587
8561334
54575951
34721410
93664423
15703333
59331367
74085292
17103158
91831485
53342055
14694421
52724210
94343857
92916860
48571129
90465022
60678587
89067091
12416490
23046207
74893506
64696408
44274653
91505699
63449978
74009016
79465171
93668552
17708902
67709851
27212269
11134613
83417214
83376438
9273209
40617628
