94
91
21
26
67
53
82
64
39
87
71
18
42
72
66
80
8
98
58
88
45
34
97
7
12
82
44
37
99
3
70
20
49
47
72
30
7
54
100
27
90
51
36
79
82
17
6
10
44
84
36
66
75
69
57
49
69
50
17
40
10
47
70
52
37
17
38
85
77
8
24
39
99
96
32
15
72
43
71
43
12
8
37
1
53
1
40
90
9
3
40
26
23
94
92
95
42
30
67
54
64
20
85
9
48
93
16
93
50
87
14
98
72
18
35
59
60
52
89
84
37
91
46
60
71
80
77
27
54
32
17
66
97
95
6
94
40
23
40
19
15
92
50
21
52
79
74
11
53
33
91
19
59
73
51
67
33
64
70
33
33
35
62
6
62
101
5
57
33
78
90
40
65
80
46
17
72
21
34
30
21
70
77
72
36
61
9
56
78
51
63
17
20
49
73
7
26
41
97
3
60
21
91
81
95
83
66
14
28
83
56
74
85
60
21
100
80
56
3
5
86
62
56
2
11
51
14
35
33
67
48
51
3
85
72
38
12
39
17
27
93
92
61
28
65
3
75
91
30
73
11
75
42
40
43
19
101
31
64
87
60
87
96
36
88
27
12
33
53
59
20
39
11
2
63
85
40
11
48
31
20
6
16
67
16
46
47
45
34
97
80
4
22
86
34
97
72
77
33
39
46
12
31
45
87
65
87
98
41
56
5
73
24
56
78
71
78
7
15
52
42
5
49
56
82
30
51
52
69
54
37
96
67
77
21
3
86
61
73
69
64
68
96
6
35
101
69
4
20
51
72
9
77
76
95
42
63
24
69
30
22
28
58
52
54
39
33
26
100
15
2
57
83
47
8
58
76
89
17
70
87
68
90
32
92
75
39
10
34
82
22
52
19
45
36
4
34
27
69
94
32
26
1
85
77
30
48
80
5
13
15
74
87
22
87
60
75
99
44
36
41
4
73
28
38
75
84
29
80
64
59
30
37
40
74
42
51
72
99
7
37
50
52
93
75
23
28
78
7
53
30
47
39
17
45
77
77
91
76
25
52
94
89
33
46
22
97
62
10
80
34
96
76
62
99
41
62
26
5
67
4
98
89
45
90
39
66
37
34
40
79
5
17
20
25
50
86
58
41
27
28
79
15
35
17
50
50
31
85
1
19
63
22
17
87
39
2
57
79
93
4
98
77
95
63
30
54
80
98
1
40
44
74
80
44
10
35
62
14
50
36
47
55
72
89
34
32
44
2
63
34
93
34
14
86
21
6
45
8
41
31
86
80
74
9
18
89
63
70
13
63
28
13
68
5
16
19
16
29
55
100
44
35
46
15
72
42
70
93
33
30
26
86
44
86
80
51
10
99
22
49
17
45
8
97
94
18
101
93
33
10
36
54
77
87
100
23
82
38
99
100
4
89
31
60
97
3
59
40
39
80
36
83
99
74
22
90
59
71
89
25
14
48
64
86
73
99
79
67
12
92
90
68
88
34
59
19
50
1
10
33
93
29
100
100
23
10
84
9
64
67
5
60
52
25
76
43
56
4
25
51
78
81
77
10
27
82
18
82
38
3
40
54
82
74
95
5
12
5
93
72
95
31
97
52
11
1
60
4
7
95
13
98
98
86
86
33
60
81
53
93
70
76
66
23
35
74
40
67
95
2
100
61
11
101
70
11
29
45
17
12
55
68
67
55
87
47
5
57
12
26
60
18
82
4
21
26
74
58
96
36
61
54
91
29
100
71
67
67
69
77
11
91
89
26
25
5
10
60
5
2
35
20
11
42
75
78
58
39
26
95
88
85
15
61
10
72
14
73
73
17
16
85
85
2
73
80
36
49
78
40
14
52
99
19
77
51
18
41
1
23
11
86
90
17
21
1
54
2
95
60
35
97
61
94
16
98
47
13
98
91
7
48
69
83
23
83
18
3
8
90
64
70
76
43
83
20
101
56
92
101
66
22
14
70
3
42
14
27
69
38
84
80
72
38
73
33
13
38
93
27
17
35
10
67
101
82
63
22
101
58
97
4
45
67
44
90
4
27
72
31
91
18
29
61
94
39
31
89
19
71
90
17
20
49
21
7
57
80
24
74
15
94
69
56
13
98
36
85
94
81
19
15
1
48
95
37
74
7
21
35
60
9
75
18
26
65
25
81
84
69
64
100
19
29
73
36
43
46
54
84
70
7
92
88
68
65
90
4
95
92
20
73
10
64
10
84
59
91
74
15
50
23
91
13
99
44
30
81
62
50
18
62
32
54
76
82
40
10
38
