99648302
7889560
631930
68446934
26686112
7341535
33355716
86435163
13075388
10044298
11544657
9697796
67515821
62519095
22319656
56811109
63837083
60226000
36283896
47836760
9873238
77424786
59180911
3764185
69203670
67605769
42004471
82866741
6131538
37561986
25738375
31823897
83465895
61538235
64543231
88382693
3789810
59378760
22708029
77657125
48851943
49690322
13029638
68137019
44834559
33261779
16059313
45295750
69850594
10814704
12108451
63030190
9286651
50075483
23588308
84575153
8396680
66781673
32215900
33799397
54046014
43055767
41956939
22578138
98582686
5581326
49902769
81918538
94361485
2769841
32302951
43379066
87232805
61203926
2371871
38531077
25537351
82339274
68522877
91060024
74360844
49753246
60736452
65932328
81225662
66595015
94746611
95459739
93649192
32583706
85049466
14398156
60394075
98652615
23923697
77253780
66377370
36790414
13152484
50778516
40521643
54992673
78330348
62701838
22686794
87021219
36181828
26837207
85603351
20218074
79129155
71694292
34798952
84306608
87975671
71958090
26929222
21281192
16727432
57554968
419501
92873151
20811287
80172578
77772796
27889987
12120086
50483218
96215691
45692650
63806542
80692877
34853365
86928838
13017321
63367955
510416
99368834
93714983
26254243
57668438
63688641
47426341
98668372
24266659
19598608
17358542
41601847
84994190
17527463
74629948
83437997
28459097
80333487
79667367
60247978
52818379
68484028
12437301
76899916
79484127
66025637
55258215
49191899
6507296
31542636
33139335
5047136
48513849
11615883
3597159
50023804
71781325
22885929
98867062
71875932
86832443
30206055
80233524
24680059
42206378
43916552
68308620
14034263
90298898
71925396
60559726
42663314
1251206
28971630
99259980
52982107
59843816
13574521
81519807
71095290
91600613
25124576
34790969
33842480
47110051
84479206
47250883
23402508
70671473
13467270
88331647
25462290
75439315
13815252
30531942
46104010
16936001
67250997
50800839
29946052
26500743
6795762
35581074
65288134
23776099
64650115
72055529
77455558
56667700
98866736
13686767
77708584
13088354
87833270
28109348
96863768
70248055
7398938
58624800
71633997
89836909
73968276
94860876
12203899
639662
32516904
9842882
19380742
82734349
43877725
38203704
71229230
18198651
79925532
27423434
44794686
24451262
36736574
48799742
26038311
69535555
23997701
65322393
41142342
3634952
25535965
62638549
45904969
61337860
85273977
34486376
46602655
81437472
70094898
25170693
15275031
24359156
83474931
71042343
14336416
33725361
20421745
40169721
5428871
15793720
10630552
75495417
78243201
49749773
7822072
13473302
34931988
22223802
25022538
36329392
53553091
72767258
93486090
36289450
18447109
75239244
10653558
5937078
72380250
92905072
79267267
53213367
61663780
61715849
77839245
10456994
64570111
86487300
62681050
39194129
63753003
19306321
57814120
58184326
96183685
84005482
65422419
5535676
57310835
64771305
49995334
23357543
60469923
84696278
17338328
79152531
26864344
83013226
85339643
38145057
6376190
85177649
60792173
33966666
2546838
4362558
40679084
5977478
42822462
24362317
8392959
9315697
80944370
6389297
68774685
40166646
99840824
24672128
77838698
64633000
22763266
1682274
12341792
534979
86800754
91228938
37908108
5255420
92870530
78013759
7283518
39866526
7281553
50444958
79578741
82709191
22354514
52506100
82959389
2126024
94348206
6040241
18112609
90703929
88100961
23777644
80842482
98991000
29829755
44796448
52040336
9018501
95209357
74713663
90243429
15985766
12012119
79005657
89045332
86388957
64167743
29091569
31494933
50971347
34112429
59977429
56746603
493474
96263455
35249832
32328005
13002157
8387514
18901936
59948221
444261
4920007
33202576
77155042
82651154
38252096
5231442
72587114
10173029
86534934
88779337
60542435
19492771
78357059
51163980
25050761
54364851
48515323
80553864
60563654
91735280
70196615
49609132
6018957
24875761
74484934
86764465
3346982
21144449
98913007
19731114
64645621
76948484
8162967
10754411
47834738
38049272
88835834
1406342
49914677
56535325
7744276
20843721
26192935
93105782
63490294
28825987
5387248
91717424
92157706
66062697
33293766
85809879
29778086
68838499
87530679
41321411
93170365
53835959
63573586
74248799
38268757
63178303
65538486
67252443
6296591
33935149
90601859
32979475
71264259
6303473
49808738
15401693
2111563
16705926
85614893
44315294
74433501
54918765
18155995
11698613
51459238
88448703
88507034
12474195
25971285
21726150
62694705
10705258
50933866
62528139
55925894
84878160
34594794
12644893
23574014
1180818
14370094
7393352
77882661
46961574
95705822
87238755
75107502
74431418
82575123
80840447
75501775
23092076
90038254
91521556
51803774
90696059
62417816
69986643
50475239
37973461
40311247
33985892
12403368
93051273
19906715
78242535
43505639
33779134
17890073
75090316
59610808
2655380
63725271
94200646
98615768
84980688
39652863
24597916
94363648
96292333
43176664
50824949
80910355
29164757
51716146
32335141
42848999
61451240
55721510
81149426
86769678
7176123
89997333
59563715
37845602
97806462
22163542
51197974
25459621
98905175
56367075
1360248
98894986
7479861
89729459
93166962
62053620
16921705
78569283
36385468
27637474
69795291
81289912
75592403
40223522
56280910
45311102
76554710
49141142
96661272
69740459
64080226
58382092
62721866
86492461
16741964
88783157
10314517
93514457
29227260
80892886
15883021
57677824
53969418
31954353
87429434
21142570
2199491
51165299
56430705
56372113
45026877
716590
10656361
80145873
54817065
53579791
84374240
86655124
89960245
33564673
93357718
64782845
8265846
50668650
16521329
65723322
56202215
83374727
42475768
92123921
19436423
80089734
58232716
61279622
13750574
41982999
48973699
15689319
38000277
30633589
88794852
1623766
61907535
19633570
34516745
76404327
45277073
96961850
16977914
59042903
87781916
83141741
62747184
42661789
77408237
49893160
48372448
67788879
54888568
61548712
25817590
6287963
2331878
1062887
94936487
54407118
15441764
92299747
42940889
90123915
25767634
40893087
1708025
62132443
34191549
25755361
74105907
81233026
99287757
44706624
77024936
42236156
67585791
31589474
95440507
35080396
58593241
16814178
78160226
22351216
73874378
26405222
19625652
6364306
32592873
48523961
39666093
82322679
14716342
41201245
53025736
62535858
93969855
1188417
98394512
56800025
12892581
5151010
64341920
17118510
69452826
65954197
20228613
93476658
10579243
68250109
20320610
83271978
66413988
66365983
21126382
59759391
50803040
34923271
72194940
84741427
12544310
9598247
75281038
78066958
41754653
67156038
41935458
48650570
71211396
49214952
54804481
26798827
43096421
33924430
73936674
76164004
38706156
66783448
2592115
71735055
76802245
27029377
54680466
80228285
77208290
76621421
41835848
76446655
86793483
54368060
49457349
57737147
41488821
71615569
97400166
24041520
57843443
90561178
59879874
51277051
21619465
32200625
48249988
6226992
77870200
84570861
91899956
90749648
1634857
59462706
50942508
90121955
65335057
92646555
10252630
25971548
94298754
83178098
74013013
20103207
86298777
3194447
33499980
81172060
55916077
85893126
80288856
98554223
66991143
16603242
57633541
95693021
64541813
1197052
66623000
12462238
32288531
63090911
79022201
94706582
8651866
65503155
35186744
6002308
7330376
72263725
48195124
61690219
58985199
99525804
28499007
37735354
77550901
66861318
6095129
49824443
83513962
9129833
35116832
2093313
31525343
43157049
29792465
79818047
1639732
17854036
68602342
75531340
95392873
20758440
14918232
34648751
65127970
83157722
71170816
95950743
66201985
30825160
59813995
63941884
8494813
43906021
46244168
13195588
48268986
22930499
6103223
67324903
34464629
98264320
40545892
13273137
13358251
56368958
43021637
84813871
8914826
87774544
14377320
33420133
87868109
62515729
84610526
17711329
97404154
49067291
24088146
76038240
32192119
91153060
69681382
57486918
58470019
77665437
53187754
40692173
65974597
78291432
72735809
91271475
34780633
88471530
62266232
46417078
80149007
6490013
93400984
41192488
41105577
79353071
3416482
47908116
91634692
65967256
96704470
82870071
14649386
39395357
59828994
72863518
71191904
77595386
33137859
12582677
89406883
82461377
40512768
99101722
31893755
24550216
65764404
27667784
69627352
81284399
80442649
96204136
4991474
30405627
82172138
82246043
97595444
95229572
24187576
16374280
17636720
78375522
23842986
80464518
28559091
78215677
19626748
28880663
55155132
71658169
41979559
40118653
12553892
73216053
90558373
66968147
17384276
89268698
60415211
64729558
24735908
24942778
28133018
35997214
80544116
96889094
62126025
97101967
44420958
46620051
72359084
93418281
30556223
54604700
20136380
1777747
1350824
64688724
33547080
61109479
38632789
70238807
60065394
97353762
65821554
24374436
44610189
54686795
74951917
63979686
16749993
13114208
18266820
21134110
91016336
39289332
71978982
78775807
45362655
11547999
57452695
16122473
88840525
72204951
11933243
9495577
44838939
59058174
48283904
29164007
36599472
91759567
68669115
99497281
67115798
58318754
86048468
64675946
46762987
36681234
32589109
44843385
36823285
94098938
17792960
82476096
54704842
41969321
94526515
43818382
53539050
26646666
91749311
55418441
50593988
29513849
39490804
82687463
74250788
2047048
3801019
38960754
52037511
13583346
59628057
47798693
71077944
7203017
81669205
35443373
73847872
61924033
33524967
12888120
62424202
15266727
61136397
68920354
58358054
58211711
52509807
66940805
59929088
20852725
17593113
17980243
10494475
99520874
86041489
92642288
19444099
53478172
36956902
74374803
86472783
66515664
19793760
29064258
80719513
56076361
49708650
98437774
20941780
70650375
69571456
63968468
31545641
24945938
29794640
73546625
44061393
85399557
11404142
43274663
66249061
57736252
78642618
47103890
60312667
56033952
41820409
754921
55127194
34623648
95481601
82530555
35250872
99683996
4604274
35630188
83724107
48625110
17673301
1476107
1034229
61388427
7683530
76768556
87276569
41023984
27038530
20511810
27319716
54593511
40647279
93099798
24526174
83631407
73601068
15856285
98977692
62088119
91020193
62694610
29751111
62701402
61029182
22429517
24451354
25460905
61798319
34435616
62259078
6484165
41326539
73508526
98135380
82271106
41288639
73450849
31328104
76225176
29865876
39048536
50740743
55185689
7610828
33590340
81947574
24825765
46711495
56900726
60386837
4312202
90840421
35661951
90929570
20205302
6833573
45765613
8432614
30723858
60742228
81889113
34384256
62256540
53446911
6893811
78551749
18235929
6614231
27638392
45541623
46601226
56711823
68581244
65428849
29665473
38325828
80987092
16986848
99538897
46430085
788683
83728882
84874616
25617545
27515105
14415977
50534268
27112772
76030027
23640099
93210345
97102022
65523312
87328622
91254239
61664152
11622070
49533408
93120726
52256577
56936153
16201067
59127582
30640673
85838389
66753032
51438122
56430512
42197554
61240550
54680577
49975222
16411484
43318372
47472705
10848937
14358036
18112588
21892083
44071085
83619702
27947591
40361277
19514880
67532202
71117956
53022712
41906968
94924424
97920503
61814102
89119387
41875042
45348873
47316594
88068200
26779139
68637662
32912248
85692742
75389717
65329442
29762246
2644666
84914103
64745718
92575461
42407324
25926052
68731803
22150159
58406344
40243065
4273735
81109845
73903452
93994649
3305659
58488952
81984823
40334721
8837004
39863057
30770613
58403513
96198754
21366073
16531784
54208515
12565020
2107552
63048875
91871903
29745325
24966818
84015059
11650838
10496156
43427254
86352716
41007707
8507888
18640996
18001647
53691459
70979867
38038551
97446887
42898636
69607448
15897038
71396999
36017674
72625505
95504876
50342900
5623391
25460437
62215423
62595764
5788075
14618216
45354405
6985528
97344199
71723130
35480022
80160004
90664380
91380502
3416863
84119670
25764432
29230497
98928651
8267402
76179809
66257982
46723329
16158135
13765797
70017162
84597464
31945800
29678012
97387514
51050750
18505535
25452170
3099747
48377579
87179499
46490468
51498325
37256765
23982318
89286925
21908424
74725715
47748935
11202481
63701395
74472578
50670259
83001990
75184486
15381897
76657833
91593099
69115311
23133667
44685870
51021004
61840981
20286216
25034725
9554333
25569714
30312239
69180743
49164042
30195533
26068246
89943924
72515264
45978065
22610857
66347031
47672091
44152509
29954594
21225962
67825728
36277617
64101104
99375938
46547654
18893136
48736833
29832893
71978222
87627796
26169485
84464266
17143677
87921898
99547354
9488800
49980663
18213718
58751312
1058708
81010600
79354232
96322634
62729436
77637957
64292190
77753257
22308987
59773412
47336897
57754156
56290747
51931787
12695251
95403017
96224200
56958769
15695022
3466723
74210124
62748318
84540932
56540887
72208118
29020270
72000790
44697965
72269341
11641560
18597245
6188686
57498117
84485677
51913004
76175009
70200435
65155269
68936563
2949708
18841621
48247050
66477517
20131017
23059987
9328898
46938380
11548506
73747881
61757888
96162222
23547649
26703429
66449456
51213543
89586
20000841
48413040
92623632
71329158
4995783
6587258
70198553
66976882
79736380
40343527
89605349
59908666
4164198
34416829
29702867
46493971
64538100
37280639
93773461
78269300
30852048
97678545
33754949
68271819
55569956
12941838
78286067
52279610
88186992
92782049
35436096
74593129
96394378
33057556
81735121
86634916
9449493
33374262
24755843
53412268
13300506
10547069
16283300
17568373
54236068
36687211
21919836
77754977
41072658
26447571
89950709
67098826
72332849
15541370
27708775
10489180
57178216
17037425
315267
97371066
39216154
7864788
68865693
15176636
34565479
10133762
59828640
74143838
12508865
38967436
57459505
88642427
57473028
41022639
51921279
24410728
99298178
62927002
45713865
41586324
54382944
52693431
49453612
53007004
65111899
96605079
11630000
55997755
51281945
82589760
74766695
12756373
52501935
4082945
68962049
91435296
41513205
77481139
22854708
97242952
93313973
63777564
4535392
42085719
45069640
97623815
22710101
5753240
91098129
33755611
77208897
66409815
13359486
9490822
65287251
8461134
34356971
72078700
1963315
77938546
57772616
99740382
91762447
40140298
98953896
51601049
37484697
65800291
8200802
93121629
54314107
36055397
26299728
17437913
61087879
14781130
89060937
68887214
26682231
55853932
62347895
50977943
60824274
10089241
63117799
92421714
66079497
14238846
68414489
71071410
39769118
95227678
45977080
77650298
73653772
27274463
33846672
34832044
25164110
64110062
29693548
83642249
98686491
53918891
10323897
50888240
65783616
62246615
93766649
47772959
34691845
84238220
14947560
82759854
66236635
7904936
469807
56115234
95292906
2014391
55548693
9332137
85302605
37143658
80520093
24725848
17668748
59708691
46991373
47658132
17515102
65465847
41713181
85907460
98130716
19697311
37510994
25830172
59487661
1096369
8190598
83974874
43255844
65452676
92934004
89159931
95277774
73915912
17193997
85858727
74977382
45985318
16170103
10120363
94960286
99111291
90470870
75817665
58874228
99751155
47051738
4329953
73906167
91199640
48404253
83047755
91217437
25876038
13018031
86264897
386784
52560539
90602253
30649428
63975133
45620182
57509283
6116156
27657154
61960415
2236549
1539654
70259264
94314924
15697022
3605191
61954199
45126637
82219023
63254008
10579515
15560450
63190952
66827147
84396275
36634244
73639335
51775131
34662562
87809045
17851175
95677633
42045069
61164666
46634979
93886017
59115812
13036055
87422695
65123864
11297583
93963401
76431438
4593229
26449335
25708701
4089956
19910510
61418351
56795095
91703565
74595725
78749106
60720595
97129815
40350566
28285149
51563246
84711697
56881241
63377022
70670463
56659851
56970557
70737918
53917591
43537899
24296257
32969432
11014013
67778706
35488877
40175268
32538332
54257238
32928148
10154215
19886702
44658748
61164008
53460973
73684682
89670694
56069446
18275251
67894740
9896322
84706869
60834708
21509286
32248522
77342975
5659290
41835728
30493552
69726047
61090052
50196750
31885030
66353680
86994703
11453818
63916579
41301216
41439861
30403828
26265581
49224728
34405439
95324406
75540847
46303911
52573740
15497094
36322984
87330961
64541548
26358956
27501923
9162978
65375793
33973762
56211525
12468597
36087943
62990898
46367667
84290025
45385931
98202559
71954170
68285907
23931343
46496441
53357327
69343073
26289367
95842801
99975486
33332715
81451507
59461797
32418479
52242450
27455303
4446536
42798287
95631865
86840282
94169405
31464676
59598181
81042564
81798803
16605510
64620247
56326360
39677815
98710802
40375353
70037832
57238592
88559971
77788569
59651952
75205421
98432964
60216456
49818109
10381718
97683681
92576780
10213477
60637678
26364317
88122596
94163880
2225746
11109061
52832376
14456934
93062159
48914009
81719691
32517085
99049872
94069663
667767
59644870
54268124
9065485
84091334
80061535
65775950
12328099
12013014
14586255
61169883
92389631
69183715
58554269
4519280
63127777
81843071
49746776
94144714
64938114
70668140
88163339
38393675
25932765
21912684
21570701
2053137
63732075
52413076
6632996
82542315
1616650
71087050
25442290
19183270
75989168
12892693
49821636
74809809
15155608
12239909
38886298
8880423
16666664
1526887
65883374
29542349
73308011
92755993
85071894
65153946
97384680
27457058
80090971
25190213
1205520
1862048
86417603
44676963
82386856
82089858
31257756
66963065
25949529
94737849
65956282
88205316
4368495
69697385
43224305
38190335
15737336
76276276
2397430
58741670
83484804
13541417
83552894
69708479
42173201
84881139
66130479
49127467
19558092
49116280
94084094
38345132
687202
5547556
35445835
69188886
7144483
67513589
42990819
46485702
23025646
30854633
51907791
40592785
74524037
23410739
89321054
24450427
98916730
85418103
35329514
98977263
40756492
51967965
96968293
21987593
77920866
27913758
57743443
48748704
35764784
14916376
66156431
1968016
70768947
98497783
35844520
3072210
10642746
78952739
16127673
60162284
88550719
56431210
43007429
76164686
29517638
75363087
14464267
90557905
87562028
94514901
77937893
5867890
65838895
51823302
51117106
57400247
31455296
88351117
21658064
69926597
55389823
66081190
28141875
64804363
56648857
38683869
73593432
79619724
22953454
6861412
82542237
20741257
32033931
59868629
4173295
3672558
9624910
78026937
6328907
60112036
41292940
72388547
22156414
10011631
250369
42573920
70826264
19534310
85445365
53457071
38699807
48562397
44924143
69488238
23503628
19306455
47980791
14633658
70231223
42603242
15599453
1041713
58092395
17245045
73320575
50750923
72797740
43431863
94743771
60627337
52667342
80552718
35940117
40853727
60091416
39365828
18870315
48390252
37971305
36278689
98201491
19108342
5914111
82280118
1516428
23757864
63372678
89566047
95132503
42076574
101790
56235204
17820730
14533549
21712699
54055472
93508567
9138110
91800073
76304889
38421182
94806399
93863262
740164
14183765
68087823
82018228
79836753
79234006
67980929
14164993
55068930
85438402
82632673
94536526
48493397
54573451
72625722
62804359
60449299
98003158
66993382
34303040
17061551
39350206
1877234
59630288
39465206
28436125
38573096
27988197
8019938
23413934
88067256
14617760
87613772
32709852
67101657
58525012
30205633
51284757
59644739
21814135
81916642
94907861
80412308
67282506
97635219
61088842
83857460
29852538
134922
36727799
4201340
33872627
2554064
35821401
79336719
45782594
6499764
41991266
75134669
91473906
59807894
77719161
46394469
58260607
93289589
28642620
52913049
96859058
98737118
42217692
71751862
75551222
24597852
60228280
65040832
60569170
63852512
86762619
731856
9129429
1983798
55573375
82284832
60568799
95998600
37763851
75173545
70090995
96873099
16795814
38128307
90498666
19080815
38752103
89754081
33415940
43163116
96901236
89516369
55514061
98155087
19750626
48421008
78219527
61209918
65748712
42317257
96068011
43332426
1201062
68807372
18269995
92877285
54554323
88858668
71745449
850978
89083767
77796754
86274930
55752326
75622717
14763955
80915675
80542389
968547
19398747
816510
93888868
20878888
29024941
14159329
27142469
55112885
6879203
33023477
81134604
94725327
26130181
27923673
10212226
30773189
4459257
78889562
21763570
36515831
53019603
77981688
10453391
86790170
92402543
60564937
99716138
39912702
79677287
62009179
45089470
18835891
90083146
25890159
18659597
78871686
37210396
65890600
99518723
60223546
2355963
71695981
8549305
55825294
75810391
64586640
99665485
62007212
6589687
91649363
7579351
20118523
4479451
93709596
97428646
89410970
56592232
25570417
53734523
63069471
39665918
96937893
96618358
10858111
35755952
29424921
60854142
38494337
55891691
58392918
10372114
21914372
96609265
45170434
62594797
88945711
22626988
93464580
49388276
71548207
65374236
84670232
40202240
75028929
89414350
97993178
1730851
66710267
38437761
61116557
14542225
64639755
48770159
4777060
87969109
98292804
12651563
81964469
3137
90342949
34099618
71425110
37128411
84182597
31376027
79429045
62071384
92870806
78247019
5474154
85838373
71694719
7718250
89034299
90866944
66024681
44056057
78608286
69758346
24232550
50143334
56829046
4259677
40646819
67659284
22193490
60074089
29310469
9737859
42322099
9629006
25590686
46279993
66462691
52348659
18109408
4700314
99642945
97522683
46250571
32896721
56368598
96042251
86204929
5785856
74844240
88861240
59634172
17832482
93884834
74876162
67622925
47806161
76393584
46014668
50469484
93121043
62292613
19352641
12088543
36553370
15839579
63192291
94312648
56269144
15839682
63840231
26179270
81686471
79389606
94237871
59323702
5668708
29341589
98847726
44555328
81437301
59312598
14828537
83149469
51584548
66541759
27768445
65870552
15416648
1527203
5510946
91385924
5016179
9867507
87301499
70252720
76749337
45137257
11109590
172760
93950434
20024531
23586673
57848515
72929651
20862405
44517570
21713618
30469689
78342592
84701063
31415294
12285694
33830814
7405780
56149602
37807497
72352262
28427194
24363717
83458500
97097534
94829237
8199310
51000335
17498874
6020896
43671198
75031111
685662
19823593
17990311
53237424
64580649
93829735
55668010
78387169
12408720
21394754
22962789
52271149
34517401
16470144
91956017
21392877
42724863
22611630
29814988
6100091
77878615
89021792
89052912
11858338
92276805
6679568
12615822
53860916
92514047
24915367
53353899
39029693
30802332
38288281
78160342
52270761
73286800
5391341
48724548
18300509
3571612
5546336
15383356
91778303
17554427
32781362
90777760
87218922
56271101
16014005
77311062
73602502
42854608
90236318
26025917
20936593
16279544
55440352
62705360
49541699
21379297
95089511
27597971
2624951
4056584
62168552
4061654
98045529
93395026
59548704
74609529
71764603
99592466
41902046
70881908
52911003
76764219
90934225
76469377
38082961
19062774
25537808
20243804
14680040
95362394
6822219
83830855
77096346
71839354
82315148
23533010
3194962
60624835
43055974
66873129
39678365
88983592
52304871
19198454
4803215
73357358
47419516
63260972
33097179
62296418
31975760
86207332
17722911
45159704
60450180
61395152
77126699
18908635
45979370
80818745
67807779
22855598
29562125
61857430
39943607
73098231
62358520
16800514
25377530
80809582
43459806
72196508
83411045
76481875
50043496
3309796
49399863
90854398
12037206
55713715
15708984
28817647
86285783
72197819
95640346
30334564
17571763
65163640
36561051
42888834
2342820
19910967
32122453
12486336
87428119
30989270
21600073
90918381
33933023
58186633
16271838
89277962
59859379
12737481
6542407
25508844
56941155
18039590
39893811
98122537
51918817
93736711
65223564
59116449
46569347
85156966
15355425
55341271
38444468
51727753
93987375
5872828
83629849
48950359
68605723
57274326
32238488
37282559
13591388
77715821
88637779
49030803
17820268
53633380
51235791
50422141
12722047
52905248
49335670
20918617
93134494
545382
4998034
92228896
94752581
95769837
65157288
47127775
11513919
60321539
82536561
82587726
19215989
98124501
15648962
58261564
31154293
31928943
81332052
43018680
87238310
98227167
23598760
1900298
42495501
52525124
38543647
17019640
87672849
72801280
72491757
62573272
12173267
16291346
31431845
38562662
60388275
59533234
34893470
9808385
35155731
42499028
436815
25253706
7154917
797525
80296613
40902740
57496508
83494090
91592888
78845007
57598547
22495943
1282527
6843035
11185188
90054216
40430627
97219812
87449256
7872296
16183875
24393299
49683400
47914486
31002879
54679678
3543391
20035550
21291800
73401362
63492245
5332683
78126627
48072549
62994179
98013155
23773256
26217123
96890982
63942350
65258208
46550355
38382612
94493171
97122845
32896632
76801361
45624441
93004833
48460235
33456383
2193190
66658357
90966435
61808389
58163708
75470262
80956938
64431426
51544700
31515457
65486685
71345930
60732780
18035095
67312272
62298260
42490127
78407281
26606974
48660905
82187248
9079930
34078675
559872
50628944
21784854
54454033
52387137
19688600
5981963
32869337
89352721
17472061
74464277
65587502
96809882
92429614
33366469
3698109
77487944
30999865
2169986
50578680
48311467
19009350
18569564
90018527
21552339
87592348
86568369
20734711
70954664
54841066
98809275
28645890
62489543
71680490
61533926
97935403
12627456
15446735
45458386
3680716
13222917
88155682
5678721
95698880
61035647
56874835
47677132
46876909
75960870
97882607
82285906
30524197
37058201
61950535
71630079
63128892
76243576
12865726
94274675
95644900
18287875
47781123
8535915
3069272
63960481
3424015
35123794
39082278
16245868
32085338
6622717
49950936
40481389
62378808
98749638
17560821
77310022
13379189
97498614
93561492
20097316
52417681
57752595
18267990
45803845
7668844
85325938
6410864
45704114
37457725
69579196
34604087
61074763
77270124
38689972
49659350
72034312
54159933
13624674
10390622
20245831
88282654
11458449
53947737
47753696
4254208
29521572
56179882
4272242
52846145
21221973
20878963
81423402
92809937
74052179
37290028
24080419
24128601
65087621
82697312
49734307
38726543
40400697
47730714
10870255
83512515
82224561
38725991
9035684
42204052
80790571
83997365
87325032
66465878
2355733
81721417
66287813
16464180
47095234
93210671
26698045
33252787
93821249
13229824
19194482
58892866
65192690
43837108
57617484
45558832
99537570
12632861
35704695
72875119
35080463
45462507
95813927
94801363
41751795
74199923
75437831
7774725
27505192
18357548
61576584
58846177
87283213
77287573
20515796
15409659
51960266
37993720
5233353
8259527
63017211
29235148
93401494
45681495
79406821
42358145
13568501
87466325
41742140
56452373
59331068
84153189
74677823
34925258
55788834
5393504
1959921
44618070
57919204
43785148
62290592
50929969
99058429
6183515
18840980
81692328
55285063
33183692
55045136
10213013
31051338
61029012
18728458
19655264
17241859
47899607
76696394
91963055
20754239
20805906
98546086
75018445
97935981
97862491
81269641
48733121
93645966
37913129
2752533
22846307
116192
40118032
60195641
95857869
21317227
77024565
28242563
46277536
18467218
67397421
64065332
44138910
35759052
51758365
3504890
34812793
9294694
50711821
82203350
15943694
86897527
49774320
36893592
20868151
82205477
57762882
5789105
97306961
16246197
98677534
45116210
81083764
17486483
63874855
87779921
59623167
8661580
98536826
10981835
66237054
32498476
25149749
65352724
96294575
61840767
10633383
25245569
41577861
64538674
2968382
85565628
43655877
27136714
70097439
79869875
12576785
66209469
72153229
31074390
72858568
73194933
39208198
34256870
12751277
67391036
58454453
47455733
9951695
1418224
81353919
94990428
58285628
33243052
25066172
45336973
1498179
95856567
3350381
16566272
73463581
60345050
36092374
87580031
85149237
10381282
95287990
93918597
3274501
77335416
89760308
53669433
3494261
61139182
52349843
10678968
84523470
62247085
66361729
37128393
64921263
83518296
55976275
98021561
95077479
41426711
19579458
91744295
70146078
87709427
33466910
33115713
27627715
41149394
72728676
74871108
42082267
74289985
56535997
20537849
32636226
20082170
24565352
29897361
18062998
16769123
21591258
78353151
6481921
44041182
26930081
5950224
16522016
89617413
90316781
1807830
81436789
17846772
13174617
11037510
45099787
75029619
64885327
16300632
32426548
55179931
95090493
9657701
73282772
39621677
88684473
266292
77790795
38204554
88309806
68235511
69498886
55668912
6953840
9065081
67757445
78831094
40444932
24664824
75737388
61024480
444526
81067325
65912443
2231468
64557828
52940474
15216235
49473593
79220891
63682403
20784816
93710570
46503903
34704169
40223602
53284245
35839055
36000989
31413847
65802716
23926150
19293968
77228057
56457580
84446060
50452117
92879978
27161049
88476092
45433556
88204622
61936332
57843340
8263758
97656243
15261546
59408324
40924239
78248195
78104277
86543843
38537370
95779198
92696408
61491753
22262966
62586127
81302644
20649069
67055669
97446400
61108635
8250181
30009747
62909523
7293367
96808121
72974927
21637235
7869904
84754542
16974084
97289032
19615323
3198661
45434574
64048620
24515500
35152919
19149480
3877541
13358283
90583355
75902917
54587695
45291681
46392881
33948389
56742232
19868120
83830493
30700249
87549267
42803079
90444987
55958892
3970015
97791239
5981423
33117813
94564346
17145200
62435759
70751963
80222742
43814045
59402150
54487553
55232122
66567341
62571597
33180577
99203390
23286541
21949799
24102489
91292074
75842376
9259840
4740698
15533952
73627336
86005867
13745716
61003677
6837129
58470542
97431773
97150232
19932687
9274929
1526339
33281503
63997954
61843097
24362218
44307335
71589410
53771968
58686214
64210679
57160185
2453045
86714784
92724802
44841925
42240636
70737422
22880518
10140531
85312209
97726260
41509898
70844192
99447476
85331183
86536562
53982733
82198316
74969174
75722625
77948434
40690292
21970237
44893293
33307565
92392874
21222449
90288617
61048238
49020548
23713885
3883224
54821740
41681165
37788744
78298250
24988554
55367743
48459449
32982644
93516171
12941490
30653755
3749366
27738296
88625041
45737075
34115083
909443
76501633
16646709
48199861
18457676
55002472
84467261
11657332
22987095
18131575
18099023
29376270
96948194
20142010
10945942
25151841
36505128
21321759
60695481
37566267
73013024
24645943
77252145
3272507
9164185
39464613
11735549
28586104
49824451
72076881
37067510
78648431
50750419
77907684
95760666
90510821
47209299
66031906
26443128
14727870
96575387
51222650
78938296
51655613
48429506
537257
27411441
10722036
23993437
54053096
38460707
68390744
24950548
85153952
10925905
6006544
98084898
48479532
58965891
33814636
54886770
79092676
45696876
52280424
40338997
3152000
95713732
35771423
54370577
30261220
48392876
30640109
13144786
20141299
6944061
92278089
2419484
30504994
96936686
249134
71597439
10356290
7760861
80801678
73314960
53693994
16611754
87545622
83207562
74348968
4729616
59626476
66232525
29878563
12012337
99883422
59589065
27018658
4198503
84610472
71944125
3482720
21704336
31431670
51461526
28026411
99185909
75946042
88477362
30085098
15057169
99658654
71570819
53207483
24907427
5763946
58530306
35303067
22203753
1736817
24271397
98714920
29261887
26069482
43251910
79468995
20143663
8142568
12521060
14299841
10742570
48828856
26765597
11690418
7549596
25853135
46312952
66904475
36207929
29263180
6424314
60298665
50459590
75511654
5312314
29080193
920385
41214380
29098015
73259325
44870195
32065805
71261769
30856503
31096379
22964121
96412963
71041051
11754012
6376639
57451039
57105852
6070500
89698896
93630940
68706871
85393883
54656720
844242
25738985
76278291
79320386
85090470
57741358
38597499
46703827
48036138
55013676
61345637
32149779
46176584
95968713
81507814
53155797
99799216
10509387
54248525
11747775
26528616
76676227
98582566
33345979
39010467
1427814
60940686
5405437
16729126
82387993
96723612
81285968
31327099
75567385
24736719
74170220
26836760
24460159
74259133
90138441
24951968
19669326
35099536
9278137
90170798
6786555
31860385
65411138
70990095
66298490
10292118
22017765
45110208
91581748
35199857
13123498
45615422
84311342
35441353
41131355
53326096
61040919
65188151
7646775
42805943
25439609
49236673
74257562
77816040
98148593
12766992
72502434
42976838
72123633
33247462
74780961
36289938
47534428
92537770
12140080
80979712
31538242
47394454
65301946
31172695
48203115
75472883
15635895
73094206
8705471
77392886
26305081
1849859
37435996
20238988
99553905
16907274
31209615
91691733
4703368
87901642
88093743
15733867
55012912
6812321
10537157
59873455
72272071
96147395
71340491
27939958
71471648
38234889
44664400
18920680
25469926
21158785
15415232
54414195
97825557
99853553
5582077
88283550
35596321
45354698
72569869
8992757
76574189
16111487
94509620
66555734
72161946
22176501
90106904
60774589
11714283
41018447
77687259
71477000
806665
4735805
31089476
49220479
47638964
1889361
93475945
21272934
89232084
27787271
11027694
92951016
84765304
80064095
11642829
38362461
38835646
57723297
85283206
7143630
82644202
27372067
75190720
36699183
25577728
32479325
42749119
98010062
53921497
45817530
28253607
90454350
10843576
21011154
81450199
17118562
28889514
7280139
67301807
82218264
61915631
25662295
61218653
95774718
34085853
96130378
92607421
15904888
42056484
71376475
79799060
30916717
82864596
41873356
90905686
21463094
43844877
62328886
62904454
29154615
85651584
72268363
34964923
65638663
92551043
8364865
91436367
44418084
8133923
21423164
14213010
62229033
15092770
75719516
58710530
25567372
19777845
93785378
1367532
83983245
8002206
99338286
174381
8524581
972295
21896503
50900502
94211042
76860350
28826207
4481875
6088672
75225505
87331716
86279180
71716730
60179816
36012274
94353580
78431375
64504004
42448549
83329485
72512948
78943009
74223376
48277642
29504685
63979427
35725631
645947
27457867
38502170
27038444
26344624
12863662
96958522
55387603
43737298
2392706
7766540
20440248
37785667
61454933
33801178
58788835
70106162
11324546
43648799
89880616
88886980
39857095
84350696
487033
89042490
95605487
86395328
6086238
81513503
99625185
19870344
26440540
55564225
55080018
74222252
76620385
99450734
46331759
96809187
21025152
32683704
97401593
79494998
66554989
4021830
82456879
7739667
57323023
18019184
84019973
52892495
56984962
13388595
36203290
42606092
95761205
45849570
20060595
44814379
76945573
85438618
92715688
24078155
64391135
32503618
83269419
16416569
51225868
71253402
66604444
84617272
62811972
61461957
85122792
91558782
7189202
30274945
12442483
76486925
35165529
36630019
42423191
89628570
80399571
98766742
57275270
75522917
92798655
34673487
16950533
18902804
38964453
24365028
35004779
1141505
61022683
28445758
15021583
72656890
73791035
29504188
49512596
93624191
18028494
72140727
16053206
9585054
31319746
7758875
26617886
15949651
573532
62985437
32901072
30485989
42107188
516000
31695427
3840510
68559680
11487884
48099377
47600760
70596573
11192412
9923035
22161639
17396437
16778963
72643804
91155249
36795183
51820924
11674963
44910391
85303543
81944965
66566213
52040113
49967099
88287693
99513259
86623679
22129207
2075161
13599019
75865864
68818080
628437
67886479
20116087
50184932
19944927
79451728
9803797
66954264
51486235
1624610
59189768
15465815
70367069
83521763
49422296
69390307
82206035
74537211
82575509
34991439
70805863
18996491
67336971
40993048
73482741
60995060
58028538
91658807
79038955
7317382
74959926
26514703
63472649
17217830
31457809
60121574
2559183
70689919
84513568
80083539
10374429
84228648
33311827
32087591
88494723
63509271
39844080
49640473
36144612
74289159
42415600
74516879
28414995
53510868
92058791
66901755
15555398
11617775
91863786
19664414
89758508
968164
68703077
54685686
71547167
79012887
5911680
79951654
56090893
59841714
74898467
19757558
54575969
22340069
7966694
38835958
46637099
3244460
46618195
66022667
36536667
11692733
62106112
46811735
22458196
4474072
74481332
68152127
13157836
59066244
48041922
8967917
99286614
39546426
56614745
50141764
4795070
45788462
39802536
88918562
40234033
60636436
25329077
60418056
27923032
2653185
19793287
44647994
8438235
61001496
75063300
78124971
72112439
78654925
82022313
93159368
85761096
57647333
58783902
45608268
47524136
67368980
63268592
86547703
2261490
8590047
45996062
68322120
69284507
1019995
46511465
86830095
14322531
12440404
89335560
2786761
51905257
85926735
47902897
10804664
74130812
62224282
16979801
55670227
98096533
49198596
19341375
51286398
69489538
24374513
99088266
15993871
79834170
86895816
79905957
19604053
52181457
47099804
31403355
12536558
33338007
96309302
85361932
88250595
14081724
26643687
19689170
77205048
26004955
80105905
72506523
75427655
83607614
72612142
44876603
66437393
77469408
44582712
3895721
8790780
13097209
74160972
23885896
71945312
43209933
31699728
39239871
57566055
79100178
76827250
78962959
56342671
75786496
53584769
71407966
54408566
97826905
21546354
36823803
17867723
93610037
30924488
74724057
51599947
88986083
81963528
19099856
21802893
47106474
37207105
79819801
85790920
71882622
43487955
6649609
90111527
16806550
851968
87800749
88190682
64392889
81851315
70319649
40414622
30089433
37159775
255061
79721152
45267224
82712982
1546570
22660901
6926007
73582168
18116921
33796421
9625002
18321700
86140574
17945619
43380317
98003727
70712613
24960071
62084558
98138491
66958913
98725948
35165959
59941469
67029133
96574881
82944016
1152214
96440673
59156380
986689
19830568
69825863
34719997
68946141
73789877
54294147
70328695
4912037
46674138
6543746
93156798
4416849
65592474
99685701
72263878
42115985
8616133
20775735
69846376
54514436
49515970
87010831
33241744
2012854
95306019
31724463
10966117
18758223
34870250
74890331
10278710
66132930
54315238
90218098
59821554
3608577
50457671
67154920
85169491
60660149
70368043
50830448
67323534
11177335
50476806
79187813
61159781
50228424
70898091
39007950
89334028
35582430
4429040
84320946
52580334
80465483
13198189
51567258
18692144
52278973
40936443
33718248
63610201
21177717
976241
43475164
36460855
70926276
19743408
22329189
77446414
61961201
91127693
29930894
44726672
34785714
3108946
39211877
19687462
44232167
5890923
68120053
1269726
10732005
38927878
41203494
47205572
50134085
16431453
70551628
14984781
77118829
91069727
2867608
84937464
79780063
44536574
85037807
84515853
56839553
38049513
49616157
4239068
27538406
46229318
11231123
1485675
97272312
77966470
5970119
16496242
49604944
97875651
24054876
62004730
74489433
34531819
8581271
51455456
39060563
41217262
4578076
9835804
33990019
51152640
54270611
77318095
56092237
33827844
34189600
48807647
87516518
92103657
55614186
50395198
16656139
47689926
47224311
16614849
47282987
83751019
44779122
22336693
9194313
98094036
47634924
66033850
41823123
43693530
75772494
11714184
46783694
81794572
24376655
94555502
97570582
57370626
97133155
63608625
59989162
26357624
28273285
12910784
40844411
58694280
47279755
27838106
89047703
24597266
537818
74168873
56056114
99148832
52044641
17504449
74361062
99381910
44718650
84317891
50701541
28625617
96307477
61531453
31278531
37123311
43708944
17515160
75715925
41879590
6621269
66657304
42410032
40285665
29262260
8871063
39724069
62699436
96731696
58201598
95527352
65409809
17987033
14334497
98890676
67287379
26939358
7315010
97096639
61337318
75135328
48059398
57007881
37343498
33258846
83802736
63004822
96111048
97281875
91401162
62902558
48604538
89923185
78680157
22079297
50211544
4627003
22066673
74809363
81087494
19962602
37443433
92008227
74115944
20828683
9227559
85809846
73111201
81000396
67944361
87083920
2135918
24098742
48134855
25898781
15033683
17333683
28818891
35869636
85898086
77173945
44495487
83881359
10437162
66725887
63677025
91006003
88107915
60545450
82250542
8555609
38864501
12358145
89448583
17839622
30762406
31341972
3882010
36909612
98396580
18484087
89727994
55800425
98178221
29364085
77006426
89242230
39953480
56375972
36935827
57315773
22526926
94579563
83741379
13596499
43462825
35691800
85764012
52258650
64976761
9803339
62340210
11418108
24365092
79549410
68368812
1392268
10935807
42162484
16240770
1019958
49459538
77931061
30320199
24383380
76468036
3976974
4412939
31025863
47417784
29567776
67379170
8332595
9781692
43075658
55297590
40166026
60469004
81409236
18944098
46425557
73211831
36144429
83087191
12709380
80079855
79281927
52160793
62819461
95186715
86948122
85517004
56454985
20396688
62220939
44161464
46417270
58157703
96471868
38980045
17033354
41501747
26774357
45599865
9671369
49007069
48903161
19872526
38492997
4739556
29673548
80274399
67592632
51624021
42362352
96128480
14618254
37946646
24960884
56880821
66565757
92990718
88651973
20748367
19286213
68753195
47804017
70564966
8486663
71561186
92604505
39123301
89710257
57516141
87067118
4213980
71381519
30842891
38436111
1804252
46937775
96447346
68653238
89076134
74225006
5332625
57616402
47286910
82533026
16119047
35594395
73499150
17740710
95113016
22051034
73899648
57247258
74035954
97751179
73828400
50575243
19760767
40806114
49253728
22232388
9822301
1263070
55267996
13857387
91129322
6439093
63700714
99933801
64492993
26395234
81747191
49111955
40778690
35897908
54256503
1221822
70880891
30996189
92851596
35550165
26673397
91379733
26616958
19685262
36251869
54404330
24268324
98180839
86559399
73014201
18327968
63248941
58859926
32072725
13849661
95569
1451969
73604387
10039888
29544981
9741706
76151111
89976111
68788878
4096746
70647043
58515581
33727227
53486901
61100089
39400748
99977076
61507099
87459175
75120425
15328650
61236571
12476535
24451860
39236739
17231485
69684418
10724660
65952265
39445096
83018936
79368470
22161233
36517136
70550983
6143674
76582083
64811150
96029783
4433552
43226452
80962771
93508411
74504300
17622635
90136522
3017652
56617423
92466797
4344476
39005864
99780125
36866294
83715165
2839984
2314395
21255834
63343242
50041460
92057870
37966417
29933223
12429641
9662120
22149147
90555665
37183800
63733510
31414500
21162065
35322518
15970736
67519069
98819691
54199988
69615412
94891027
98891221
25265082
72514063
69600004
90698408
72721599
6546746
31141521
22874616
97778128
1613755
52541773
80021341
59052757
34163237
35098968
67768777
45392206
22003266
52622281
35085506
98160769
95239808
99477551
77999708
55830638
9049604
41236781
36652677
63123063
47158717
8183964
23681059
21324813
71024452
15436928
85985582
30372504
2447501
32643311
77072589
23525985
9625014
48679944
41021613
86373695
41814177
52605010
20521549
77837097
52045341
54733822
16700798
23860115
8682350
68232836
46324682
95923344
30241402
76722198
55831933
96079977
1334644
60745898
57090486
22854568
46806033
45529869
85772955
63574885
77391956
70868581
56221940
87419503
17195079
13158154
6897872
14171151
90076901
6464443
31588494
19839604
47812451
49249245
86534759
86745321
51631858
62794230
768667
50712341
13339346
65346926
11789896
7007815
5763463
66099712
22984963
85750964
23348506
796932
21498385
73367092
80770565
39796511
68189449
43501706
45354075
224729
44729944
38462759
74528696
50959023
20839454
16254154
88893592
53349149
1959981
29526937
92602216
98598516
64641901
28824762
62234445
92206091
46190244
6563209
9965711
31175156
70688240
87091273
78786145
48379823
85169422
71167845
78217411
40014774
89490069
13158444
55457214
41442332
15399304
2492474
2063453
44293647
54015965
10458206
18974003
5424339
42579652
56507999
27176444
33681950
38901249
64262757
33972995
25035538
95326499
72686455
42942607
16142362
54015264
59198513
78502794
93747653
76995210
67564805
46586829
85865560
84523295
51288140
67637047
43632805
40083946
68181696
52059200
13689495
97784049
25270287
69478354
46539721
43423448
72693318
39457062
30789858
91589777
32954348
75897182
43292898
8159794
89451890
77770954
22407342
61893119
30275508
14389411
6912398
31994184
91449077
37117838
32650721
74055769
21136049
36508400
56882847
65285469
45202178
39404592
3101822
22211006
9117665
5657827
31636088
84310790
89624084
58096231
51930661
57658014
68227676
97750463
79967038
52791487
37897525
60168017
25941291
76285655
13583739
82530944
1282780
48126268
56580011
23683139
38570243
37210245
11591278
39058256
12035256
65713380
40563641
46783760
84590808
15438549
74789337
4090506
48099446
87442177
59626564
42000720
44967894
49506221
46565175
7749787
47748497
52512293
71152928
39639678
5814369
95258282
67627313
97920623
93265717
55308706
78079789
74161604
83815434
22717107
49682277
66030498
20576194
24124861
56034417
38430161
21510956
93643150
58058348
47323739
69618234
37172532
51672894
49474003
37068101
42770575
8703799
44146939
38513980
12537999
11592280
40744731
70168401
19224055
50753526
42711373
66593322
93038596
85207234
76312349
75643879
40970270
97011888
43249448
87746086
82598511
14637412
49743974
32619667
95694022
90161223
37295008
11254658
11149950
51570923
52420117
81241606
49659003
7525029
57479829
88412524
1241536
81409653
6611444
47960122
97916998
35429310
53336785
56151015
74607690
77743218
77382729
40898097
95173425
98563411
25715848
82982133
7507818
81624955
66647263
67661848
6763396
61381955
56469537
87610438
80900360
86092127
62488932
36031330
43604150
45922479
52945680
88269143
91261778
57164298
3856514
84851233
33203580
97037380
67630066
67698218
15362307
13441768
15477424
60046710
27274585
82950856
87465276
12631482
45180794
37183472
22681136
28767314
5160691
9263192
13793476
81625156
19689894
8248947
17106088
43341266
36254901
25825516
13202510
22826499
75447664
96454299
19510187
16430772
50021880
95959552
84760852
96588234
65090796
85697551
24773177
87250337
12587527
73949611
18122765
12900452
25075611
67180493
65844658
71675322
27293821
39399465
91872606
72696086
23004460
50670683
70380300
53172586
29532926
57392030
56018876
66063982
24628183
31251397
3517241
70518212
79826432
670863
65112297
27361993
84596544
39908685
53203097
91775663
13800068
46954227
36495462
89521338
52885674
40590914
93637021
84245596
56045482
40587480
45233711
74909599
39922175
53654358
34914253
12683533
6417686
13171383
998191
60331727
59327472
50341169
66527524
19632420
41694865
93951794
81789817
57212801
11382278
25304493
5092926
91848871
3104885
26680331
9289783
54021976
67510373
33293119
9462626
53613699
19216568
21199900
70932455
7014663
7439006
69556327
22663977
90121557
87904528
95945465
74977440
14699054
52483668
97743708
84670883
14581078
35798811
25512975
22568202
17322028
36104926
13334611
45167060
78295448
73228437
85101454
6867348
70231332
12761594
10061808
26829995
37650192
54760143
43092105
1299724
3548700
22029518
73332823
255234
54507510
31887833
68902089
57283047
28426623
74285930
56940959
32346888
44422312
70286117
16223009
91066597
81673775
85653236
61236874
25115976
95879638
98493532
40363059
67571291
75656119
91700667
41414548
37643005
13473819
12470004
6783871
49169415
45011080
22528245
42733323
28660510
79435181
75599849
94667289
7710257
60222994
5813980
43937698
45532713
5720521
80472415
73870576
52140825
17194233
6886597
14687447
58615089
47017498
42176846
71200986
22195388
78267566
21367959
64159776
83628484
30573224
70195339
22472661
41164065
98822365
86558967
32165657
10880672
82166224
74075058
11271721
17678426
15246336
51289995
7374277
70872474
5438665
21167711
63445132
68304285
54748897
53616877
69665944
18050935
32634123
9829627
32771005
53848899
14975457
9139786
56725835
77195988
95407761
53564586
87042658
25708485
91795413
30203271
44357326
66617073
41946090
46413567
70263681
78895261
31494966
84468020
90960416
47079034
87652490
63478250
21435986
39931494
1750197
13259092
30847359
69921222
28426409
11453365
52563095
45243291
88583397
99293282
24800961
68257352
7782382
5026985
73053966
60943541
3670236
2583505
20526013
84435190
14203872
99254433
80945885
87739650
22861412
45499663
20842491
46759938
74931228
64580834
95511217
22913122
38299464
28045300
79568176
33127583
39171681
61066164
33622582
93134730
84722139
89046600
1139150
45795000
43271335
15044169
46024543
97187632
67236404
65962994
82417272
9802459
39765774
24568269
6728583
36107905
88976782
59833693
12352371
45171132
80486302
76657505
45526531
70033322
11690182
11382386
19199580
63684496
65046174
84827069
10028277
98737859
76769525
87268308
68688509
57497662
7815378
58795208
55143160
64488099
74588057
80004401
59717103
79785852
17678256
24392049
5938484
94784818
18464084
16111075
21466424
79459107
79404021
10257122
78188353
97345412
50399739
36937210
54427302
33488335
3079108
54174701
49274228
48656317
93397045
85497700
22646813
48554377
65428129
54097279
7440615
67919074
55636826
84881338
18081636
56945915
46048136
38560469
50473852
92802514
34029640
53484618
99286033
61027332
60106756
5629994
60163521
70337753
41273955
34672186
27560740
68672081
29002284
63850473
73285638
39912152
73598803
8322387
56448066
68056663
68438522
55956186
61832932
49601388
57558823
59227404
20737832
32758620
77355885
41234432
79876407
62254144
85756799
55076084
31655339
40177312
67244984
66770595
33480343
40685277
77595518
32294486
99109026
8816604
92465108
69936422
1567749
3081740
38226618
713456
69455065
18382764
22768980
50155906
32955582
6435567
95347474
78978174
88097508
18795291
40799165
68094995
39000007
98286874
27475337
73739617
48183589
88091273
86974202
35997157
53626221
11931813
24587932
66647760
6099677
85591548
31940652
14864898
48513078
70637993
61648717
41326569
9279841
98620026
90813968
29347924
24794406
46162485
34877615
19539108
64624066
55096274
76700942
33467243
94879090
56833169
19301232
79685701
84326633
63096684
60357054
8015415
77221231
42368008
14066248
4100007
5825637
80611216
65564835
64914229
77319862
64335991
17117916
10592518
84720465
8392263
16876055
71518845
76018899
68376493
65674024
45409896
67431684
28329765
25568835
46696083
14306489
46204682
29423921
51114219
62751265
31532052
48677533
84069623
90171737
67710716
30015872
35183080
70465963
50056950
62705742
66849723
52759598
44402492
51388727
30928782
94027924
18840502
69084030
48962516
50828307
53866075
99340774
36732212
69042704
3430801
74365828
44805054
64881764
81564253
5173346
70504026
87144675
96576676
65226729
88096546
85298525
61454411
17200042
7707561
75037262
83352542
15489171
65226377
82085773
67446171
86958495
43095774
9037066
71342408
38597914
80399210
27997205
80751032
76599789
29095561
76816518
17385431
53430737
58397892
72424176
49569580
50293958
50354041
23379640
38263958
56420293
95409080
87536530
87858424
40750348
51102811
23918348
32448510
73949685
98067862
56838850
44857413
22067595
39417033
43519559
20901117
34547234
59099315
19309299
65350312
22831549
73082788
23111931
92123603
19364787
618908
28469134
17178122
92424412
63422019
65397095
52821627
93027623
47719265
13079329
23627194
91397821
12476022
8313578
23469677
13039954
69841262
21123413
9480946
29026341
34187454
87393056
7269315
81698148
11550997
13454884
59097132
1396642
69407500
62132644
92323032
26882906
17746621
95515776
6156658
36266450
74360228
42553400
31577058
89061157
50440942
4262168
12458982
53754158
86409683
122248
95144807
56116732
5893997
23579252
74354014
70905038
58946363
30611611
76558356
53501964
61191953
84335357
41813314
38620487
75858072
56792852
42053459
31105989
88119490
34612384
57435332
90647930
85449646
99127345
31936713
40802511
51843916
51650445
3164203
45459880
15101232
39921382
54192745
64106268
33735639
40591577
64004921
17823077
83734632
53680654
43752173
17283090
6302624
73072434
11392766
37742016
68786639
19437918
25879860
31771284
99724667
54294948
63347704
34952670
59566878
98771914
98848286
20059139
167961
23391668
57668658
41506481
58775961
44587910
38920412
69526032
40766677
31134232
18198950
96415992
84781902
72446825
59000268
94750144
50757443
12862189
1832008
17615221
7342068
38009725
80880553
30467820
22998154
4965209
50082511
10481675
38369482
84411138
50053425
12475401
50366075
53443140
73692479
21708206
30668203
43595286
16109166
84811665
38140643
49163814
44067089
83200811
56598318
67475954
64339749
51934805
96499206
84149375
72062150
1472594
37964848
88857582
48863217
11844187
26431585
8454371
21255231
62279815
59962650
67014363
99595105
39596212
39512270
32731017
32902380
32975584
81712466
53743366
69176245
73594534
89904364
92151927
83891767
53568793
98241012
31239875
8104548
10313703
23754285
29366001
40370548
16385842
45236322
3840149
89913469
82098245
15991303
40222803
22956479
53796373
31347603
85816910
35021562
72614442
20209100
43762748
34094284
78485445
31783675
98968111
78153581
46911392
46942199
61679810
81321578
60643734
66781328
29736114
20892875
36014487
51004744
12609304
77416672
57903873
57895397
86128330
8555636
46106856
74027014
21937956
29361016
20093309
59669059
91226444
59321275
73553089
89309753
73564910
25971973
5987131
47585975
31701643
47570612
21378934
96362347
80026989
65245459
85514686
74165436
61875641
82337659
42432833
7560750
64185238
69585115
86579588
35720967
98292966
63740879
93008770
13363989
11352072
26902540
21031738
79816571
83206689
67512203
11470219
62574806
52596024
89921667
10407331
31132900
52628957
66248471
9487322
58045818
57743624
23429020
46720948
23658265
63930219
65229673
71863160
1678843
74253713
36402743
6763135
17898902
78385939
20626774
6997010
17628637
87818496
49604996
53543045
84716413
96209722
92126689
21123142
78187184
88872795
92901163
66008555
53973758
7944709
23646222
17356910
10543274
46440794
63472427
56316998
76499944
52501253
93964549
60868734
21109590
6815359
96640697
78782248
81971474
86480523
47659650
81576377
79119504
84692470
74698617
11192021
42415350
4516695
68463592
28035201
90845519
33805343
2141356
33696172
85034244
61778710
90784405
14867760
52270296
71912533
65927779
13467202
82574159
70228763
37520984
66440915
12267790
44244191
8334413
18079416
41039010
78926782
55396425
58359634
41915181
42483701
43437472
67241116
17095786
37683158
75172756
50403327
51222764
61524991
62330277
68278612
20874744
48589603
440631
23260814
10204539
75373714
99333806
53201812
40312258
52590659
48529958
3795939
18510770
4223806
47588445
3294613
66652980
39397484
72360423
74689310
59965493
5346091
42228526
56764793
64556556
58655203
11522432
79204748
36179091
9802850
4366348
4696356
46427512
18746445
23409250
33512209
45202566
36364651
37654343
3596482
51308209
10790710
47730037
75630630
78231261
43708908
23143768
34811450
50012594
17196318
29653381
34395836
27146656
82115994
60688774
38382187
3634762
44551735
29874322
73348257
60262372
1744154
58211344
59439191
3669346
84696558
21750212
85717324
50890723
52592825
38878949
15119516
23308114
67246693
11743038
64053129
14339616
54780389
52080225
29680564
70245596
47843543
44180141
53646425
14331494
97550758
8156047
16625776
93452739
33886145
97225111
89063284
61299706
11070114
95888838
33255374
41102105
6834068
65550856
82597104
47948629
18981457
23188004
89213149
90961842
2113135
68727350
64964371
22521674
93032651
37383856
71599696
15836580
61992759
8365226
50515889
93487789
61632247
96052268
24151132
9619442
21503831
24958701
21291376
97326723
25464015
23259315
89146078
2197486
56442985
44798732
74440552
73351807
22886906
12257090
37508157
24728509
64408577
80220794
4962986
26514755
46821698
1953256
55224978
78133518
59304760
53773846
55466824
25312232
64154702
41600088
88041730
87943050
74786126
11303582
34652042
73771344
52246014
54711939
55642860
95908806
37364468
50923304
23887484
64158962
86719246
34201809
25297482
58080077
76975458
88053718
75132037
61144357
45931216
87770017
12926038
10912441
27832417
15168477
37396029
4524730
58056807
80214226
86330791
14806485
63639302
12533777
62101390
57472442
13593690
80923985
35288071
31080402
47400767
79715863
59562441
70117102
51329869
52636666
10989403
32235350
65939018
14098294
89647394
26594621
5789444
17759499
8653746
34135373
16034038
20380123
8713939
48483359
87527192
61433313
70075245
12916459
43650256
99179122
33641759
29860096
82141248
37992521
52062301
75417956
52012508
5297494
28018661
14104019
16153094
10976259
2527499
93657199
48707586
38198002
51247122
29036877
1149702
13596520
95125335
80166372
69446430
56522132
15501628
60171477
32459421
44785830
31400530
67321392
95718718
49860195
17808875
18908184
62048062
10243596
11914891
72629878
82134600
39532533
70496371
44095023
12419390
36617410
70506843
8228647
68597615
53223866
44173632
79859036
57113988
74782883
44685802
65562130
82324517
20370504
70285864
30816891
24569890
28177287
65579301
26435483
11718352
4055027
83122886
96824132
29643459
57125071
6422570
15846481
10178069
2561548
94096465
52785093
47275718
42754713
71228133
66999219
36664709
10410201
30647770
61126423
46292205
72684940
4416490
98026324
67955676
11615090
49340966
54547129
11892937
17517578
95748867
67098637
66784614
23424885
97157939
44610006
66650442
72965648
42195095
97901911
12855828
76432727
63423495
97758584
5884092
91300225
18967930
95943296
96171051
82422955
19800479
9010584
78898017
80510054
13898286
94835878
90757280
3639773
15636193
28330624
48870480
80917038
33111132
23730775
18571586
15575606
51887254
37076847
44342575
64435626
57925257
55904757
57337663
91483985
54706082
35018822
65765443
57115908
34331370
93684462
26792686
74419207
65178849
58100753
4180004
23610494
78129824
85891763
34619621
29897980
63422110
59161869
23681582
47263976
76822683
67004899
26093961
81262060
19709302
11814840
66446567
62742787
10124073
29248889
32874859
174997
41862714
6551123
68807384
80084371
26241475
1867569
13337573
35948072
27604049
91346998
33123526
38447817
31484448
11999900
92774698
3869105
64099807
22039096
20496265
15090456
34440080
76366832
61766573
79827418
24195875
1649126
58214225
95325133
90014059
79724136
84464968
70073500
6624209
59006731
92025416
79757850
52859958
91411307
54657900
9118086
65545523
45780713
85812797
26053595
34920579
38753479
45208344
88145771
46132038
85551605
39525291
20823162
66255983
94612041
56628057
42042261
20918450
55913708
57339122
44466671
77286439
12972550
36201676
45470182
32020327
49204449
95487999
37569831
11139073
64629930
94762445
66499484
36381852
22942927
84774324
62630913
88515592
48395488
86147378
44179608
46281721
88693386
56401922
86834161
96320090
83795118
67785645
21532985
51859315
34627193
35944113
65115403
61251201
69574080
74852562
23170573
95070590
11755008
70700766
96655584
55020968
18769736
67953495
93310794
1316824
46708653
20969986
90590739
20047686
32724180
41312246
23693379
61667821
15402048
84495286
97142638
59038556
95571591
41666147
52156746
75127764
69523230
52923830
64668160
125337
387389
19689612
83592384
78295530
27064083
38011509
50007693
4543914
90220980
74749096
88950274
87919705
79560843
65624006
66262678
82378887
74104927
86663925
77092843
1547842
1739780
20197236
45855964
94076749
56397323
33656838
58902637
96141570
10778229
18697192
81986990
64815117
24200644
60832328
30430614
68049285
13766782
33434068
37038748
67793760
80838675
79309083
92672413
51448768
676796
21220910
36506206
12413466
23046717
2546402
84307577
98532302
61312202
43806787
33958830
51113608
33275928
94814161
71174877
71094632
30070625
30081114
15623246
72135394
13243239
6052129
30101705
10834077
98461645
31035825
86106794
32747821
32931557
85115304
67570261
92231987
69584514
16598545
49424098
29288299
15683121
88330334
96158841
80301616
98967581
40893076
7866890
57688485
28194273
91109463
39197238
55155209
27268450
28229285
86251371
63075720
46995386
35173098
60147490
89947396
72410742
54238701
81460307
48361643
85161462
27200613
37718834
80025756
30913296
72791266
74642582
8752076
71983070
44036729
71970157
72317985
1958916
76985629
42009967
51366887
54693193
4542492
99952003
20527453
11816817
90277008
57171816
77203167
41910989
95457072
66203433
67290467
55381762
58484979
98879872
65302114
30605872
10380546
63604342
61254352
9940628
74688442
37935048
38596279
70665265
2644650
28382767
24800295
58502287
3014388
35323170
29977847
10122441
172535
5152738
11360260
1713686
85642493
36494086
52658941
86284624
43542129
72489554
17272850
68616050
43959173
82707575
99623805
66416812
56910313
72316901
18334237
14717753
63397527
75059158
69531552
39228670
87550128
74126673
71976595
72478742
97925215
73455460
2059095
78681156
2679323
79751171
50104042
28797427
18087839
57405801
66213862
8298830
78707206
30173866
22914809
51220038
97705168
82796811
22258774
95895301
27900433
61464285
27077145
58873131
25130976
78050588
22115035
96914518
44236703
52867430
74269828
98428994
6922986
84454733
51082785
55132840
27012363
3313589
94186104
79226661
76021393
2674436
25716891
58479863
96071689
93944077
62062713
17236351
52067839
67206826
40022451
62709203
78228032
17379505
93155151
28493629
2068653
61248506
53059403
58842537
66057047
8131845
99808035
63986912
22030625
99588886
18461321
7939302
15788200
73120380
86375858
75420828
40389628
85398682
53086251
47185850
50042771
37379079
73738517
20196793
51560750
99902171
85952152
93406328
91129947
29625389
7388602
5533672
31301349
84941153
91191649
87438544
78628352
87629450
51276373
1181868
53964378
87963967
4416976
77634643
28605335
78112282
33238417
56738372
41123153
63240925
40176629
18637939
68432744
15784663
4934022
71250320
77715659
48171309
9734898
60019856
87519138
24119961
28285665
1717781
40155880
15859288
58787834
93511257
51457775
80706024
63055983
24031243
92526793
44545016
72340936
42450655
46069217
96943462
15213766
38599154
20504044
11291486
81630577
40683685
44913116
19154669
24187326
1170429
41937746
82142968
51333793
5492476
39199280
8777060
55926870
47732971
58957418
26262478
72746103
92926819
27158775
66962102
9620129
40379798
70888193
96864568
9222263
20399350
33115810
16608683
73938081
6410671
16429006
70136979
14817707
72361711
97797354
24380686
68497652
41640117
35019058
54154246
84721168
50036092
16757471
43404896
93250051
65110126
89821550
10140858
42478644
32805114
51205058
61370680
95225425
35706112
66746007
49319675
27279234
46825717
99369894
8180229
51906220
10630285
90224469
91800734
53451202
73978021
2184811
78535585
15356571
84944298
55174775
45337947
15169107
61763284
22184164
47562027
48218604
34296843
37208698
1050004
97521711
85671945
12924530
46710765
61983051
92510259
89073790
91037944
48471742
69773035
99470169
13649140
21319840
22045101
58812567
26412084
12250236
61845445
92140845
44635803
67382926
2042392
14615755
18481991
51047022
59115826
82518029
6232912
38137124
5990367
28837603
13042889
78047083
68417686
25872388
21427459
40718085
16074671
97878078
29263447
36171697
67146839
4788496
27758439
70431320
42861135
99517840
60015701
34934071
91662608
98925100
31252303
37174664
18493230
23895060
88681525
34911627
88956898
44371840
66751345
52670954
23464009
90466834
88096371
96327234
14216084
85835891
65849816
69210324
60788290
28868968
19544513
5027629
83611477
91758648
49639722
79416607
81990908
80194730
87227010
48673141
49511431
855709
76894527
47329718
66965793
69884914
62290347
41566376
48889008
75288063
37645553
67753858
66400240
92687457
64234964
13876221
93228480
43433882
57814035
95202961
73890621
53357061
1861898
70553203
92234651
2819850
30294321
23195422
50216453
92522401
47203387
54214975
17836949
15977862
38681043
57920317
21059195
19384744
29496203
34168641
50978197
55991823
30873328
27350158
99161210
42303508
62271791
10953388
48405309
15597989
37871352
18521065
2115627
31126680
37433025
54141144
39990737
64950354
94237044
51621325
54006579
91381673
43118965
97910711
8224669
42142719
69350443
12515473
59832705
23510056
22489456
9798793
89383326
26659376
28153521
37999514
8639816
29718786
4785417
90407174
74339908
39819602
28120975
68862868
87257825
70330238
47455770
46559342
83029811
91957184
35100895
4401125
99083693
21739844
56599335
87578145
91262702
53732030
3274700
17439377
37861901
98538422
95083661
55298124
30876948
94606040
89487220
79335691
35407424
50222467
59933722
67106050
31573764
78617029
9915831
53880293
68924375
89388083
21262372
57089602
6736374
88954905
87081802
25866394
36032487
8792256
22817788
66855650
81299453
36020346
74254783
74570050
83969292
73415269
36775417
23280801
24496100
61942134
58760161
50323438
64262185
54607500
65061854
5582777
80372178
43315612
78983058
83160783
4406066
82178684
13453923
6245125
7851677
36911698
69515232
97808565
66656958
84508572
74770602
88957664
96127509
95171366
86828243
88974509
79144351
51712863
65160265
6925665
72975707
85534004
56649454
868090
84128896
14021763
84817025
44770430
55057326
751840
78267497
84284066
5790721
12665950
83727881
15371028
37815574
54110944
5776637
44439630
86716395
12880446
30302889
92664275
5227150
95913484
24064421
36829010
37956893
82427897
26180363
41602400
66662177
4047499
16325960
55008394
2969154
56800170
46517912
88679022
11530501
78290320
70914669
39736971
40749908
72973612
37839974
81212932
51732080
95925082
48278509
68090403
5526470
15829775
25113818
31815792
74630613
14583275
53733023
87668211
45613404
53585322
47106606
60599800
82281275
42434421
40816802
64664187
3090704
32852595
11099101
32713511
89245984
15250761
98021747
96436034
76470357
9717391
28035508
82634853
28822385
99833513
3745945
62573277
336543
62034392
4585799
85505185
68788869
27594392
49322566
44386896
36338978
76372766
69049905
55911279
89514549
39842906
43051541
43570613
20028209
45674032
93549738
19957843
7005860
64533538
40821623
47136743
38464629
84525303
87381427
65097741
29569500
29840448
38864523
45434778
31078163
14255143
18162957
13812411
52922221
94771831
58795925
15963924
21906601
32491437
32877718
42333194
73092946
16693219
98359249
88125638
47134147
17258530
82213004
40531762
35718412
71699417
74732102
11436313
46879026
81931862
82483781
22010961
86729503
21917201
52894582
42728602
17513639
59958312
99283426
58272620
49829987
7833326
6181936
4802710
50891001
9393078
72516904
17958602
50263807
60045124
86348893
29476452
54161899
92082888
37935100
60851056
49720481
29033955
5994674
16131458
75138376
42236384
55234261
48316340
55076897
56399233
81611435
70888221
15837686
539137
64579272
431704
6855828
69860737
27115738
59161368
56754786
68818514
87161525
79045221
62557234
13423909
9272127
22354500
14207083
35834644
96986619
98721316
26830144
21431290
29124713
66970446
85440326
74631799
98817069
96539074
22089510
46363935
74328762
56299381
61860736
66919886
70567890
82660283
50303394
76990918
89060685
29577389
41258963
1449604
46548518
42240782
5909844
73740536
3658095
38159207
57340429
34985181
26531836
8079695
62292464
60208419
92370872
90174082
15927197
19878190
15308845
48835656
48640030
76602567
57811242
22482851
97326968
27243909
57228716
94193135
65860959
5882204
15555374
38657616
35563671
3239262
58434026
37624519
66689944
72990603
22572960
58634985
34996545
67542587
3344069
66732206
19825030
48904225
88897634
964533
54446668
51269793
43019987
41168277
75912724
42815266
73056231
36208338
24107776
81137228
95196124
49208704
64906218
47849920
64308921
24257552
63747121
54855019
69136330
11676037
18404258
97807259
91713877
35735101
58236225
8177648
54112964
69162996
33914139
52983782
86830201
93209041
54119229
24694878
88853181
38175538
32685152
33328182
90049917
61803139
62202176
68986329
61237702
70598306
60747045
30507018
99869216
91954507
67885526
57067949
54050294
29558423
66686709
50431126
17309547
81506032
68091205
17560637
9895805
1494877
75870445
19367182
66195387
32534181
9783077
7633370
72161319
31734590
4816078
99087664
18690872
82051677
10749354
92912652
10376018
54840732
70947792
46764867
76923061
87036972
68059863
76225591
51111044
37886617
6313604
61031654
13220846
95353538
17587011
92891615
34549998
12723063
95934871
92404569
68468620
12319808
83587715
89235247
8211472
67842921
50751810
17407175
69543319
77998961
51350045
19137568
87745224
55693265
94922815
481587
77696615
14465188
20826835
28943429
37548871
81635401
82443059
40224623
83634793
74333687
1202489
78271637
98403975
43241104
73778483
60589782
36403214
8146918
8301550
68021569
85314920
92089097
18477392
6935698
9443106
21829510
69465108
49288215
94348529
92690069
41191176
86378274
33311519
32574914
39652509
4594020
85956459
65479972
64727104
14562943
41820334
21593889
72078923
81895093
93255218
8946748
31616086
90046260
74222230
56374002
80709655
1902985
61423174
60506552
79529775
73353772
42369047
27571051
40355544
91183859
16647585
5567929
85169274
65004547
28761303
78221955
134774
38817954
