8488451
6421857
24670568
64260
85539620
38147675
40061618
87457240
91481899
64003086
40699633
11844855
94136053
28914438
17330079
9105224
86469806
1598307
59686021
89980651
75736196
58012007
76491108
18362778
49578384
38910312
61287988
58143167
13789852
17721053
70171806
14860386
47961713
12768978
47172151
52308836
94347012
12233933
11020270
19292845
36448920
28271467
12850608
89423208
60806001
81079409
44448993
89794829
68856704
42254270
2797993
29685230
35534003
8223734
93173194
2557630
71055180
13255553
84425031
96667352
23976907
87049841
59076247
34108676
33345949
56225502
59050541
79007998
23972699
77876118
10114077
80135799
46466120
38568311
52552601
3873473
79230797
30543620
14963866
3089140
37560108
32603214
72922763
4811690
44291536
16007254
72559779
80053832
33171205
69980868
13859548
41252028
40734088
48175310
49017163
70234629
55198185
35198302
99290474
63185843
90972252
19179810
17038270
39528518
9002443
55045806
84507877
51848104
56267047
88173855
33462273
60684885
22662127
76748570
44276426
48602679
34270159
95864999
98441699
68502894
7912098
30948262
84384065
95928228
11646085
25404925
52808956
95397746
39325720
71503057
8108744
520526
86040325
41524165
39977630
40766225
19720317
46598310
28103969
9055650
63547541
90823915
20399981
18655460
16568142
37596816
43826414
69036559
31405997
94218620
61651104
92927954
34114141
38867305
10040029
70207743
46875043
12954441
65697482
98472089
37958643
55269030
90260595
47470964
72289576
24569951
88862767
17949957
94470252
73828570
51334766
57475099
26874537
45143160
90767634
96200883
39383615
51811836
55936045
42007558
49353825
98370032
24024401
61762290
87965752
88481998
26847883
71593169
25345041
96580722
75363672
50411416
5917770
32687103
88996152
97679688
1271818
25413568
702933
57548814
37778451
56733245
7682296
82737420
62675972
84452588
11541795
82031972
20746637
20403337
52931966
53486919
10628470
3040152
24832027
49239558
15048830
78614116
66082821
62633028
91096677
71532538
37729953
84376900
7954276
48833025
35916226
6563626
24459968
69079262
17987948
6537214
94720496
3821176
54942380
5587472
47192328
96916482
48191846
71695127
28821797
99774069
35758606
55915329
97869415
86571233
24052648
81657382
16679577
28294093
54357846
573418
7539008
86689352
17294609
57299775
63178368
68390066
45299268
89365545
62418430
51487312
71468084
63006194
18911007
85886817
65311392
46945034
10454913
62152615
96443589
889894
56249147
78963683
47878643
50371430
83266791
73870621
74668253
6911332
10923287
43393962
15384166
39988801
59738508
53367764
69906503
52251314
31354279
65430574
87226679
71708125
36639385
13814858
8563587
45114705
83794583
2208436
80351011
73611136
1819970
18571520
69282684
30841708
56122726
37138848
38999195
20774470
1645834
45538723
19370838
3587647
19302692
58035504
92740605
79870794
85813926
43880437
84428517
22097889
29289085
32922647
71755866
60993315
81225940
86029141
78110244
56416132
15272418
5811363
13113457
67801565
2631640
73685563
84689054
88158124
53010542
15043156
24802027
50286272
72150351
8718968
49964342
43234930
13772766
29372954
8868803
11470049
52494442
12328416
15382455
40356549
90281106
64694487
86102429
20902992
91521891
78098547
59126904
63610914
37372980
21708096
71131551
89304285
79810380
94591696
78011584
60150398
22528828
9158127
92046246
33432581
92270772
73064642
82076198
2319938
63803916
91114079
60839362
3176498
43590301
41530145
55174673
67107569
38526417
22527714
47073473
76401929
17831454
68830236
40776322
63097963
16052307
95820956
51181599
88528818
52626345
66631214
34479549
3112174
13996999
69724830
73618504
13884870
58597750
85118467
34047435
92605439
40371601
6498493
36909349
36838610
76048438
93387383
56792066
43559350
86038926
77800698
41779464
5541915
70627475
98547866
64672481
2788439
44541372
3653854
61409110
65950461
44276294
46885345
53587516
71541103
27342070
33922680
87601038
68704762
47025120
2509204
73664483
16301391
87931387
60407727
74964888
43538540
32458339
44746287
59180274
75509581
9619244
41654048
49673395
45908540
22254012
75120883
80396609
63610703
42459827
67584593
63366896
65195571
74030224
13883259
73266136
76346069
2566169
19955820
56067171
2440404
21056342
63127983
36025174
33075887
27605403
20620587
85288432
52040417
78152304
11673211
73286301
64760160
71286172
3420826
21436060
25501142
58885410
8865130
24239633
13251726
88960639
12316625
73590567
56386291
26340856
52740318
48732445
39412631
17443172
94616338
86180403
27963007
32733844
53228510
55926577
59286957
627415
8237779
10198423
77736982
75653013
66920373
43318843
12150106
88325766
12677589
21101092
62848418
58195330
6760308
80722809
54766325
80879658
92605979
70415535
3159119
5336448
77284830
88813787
26185350
10398561
82818538
57437548
12488236
19515468
32347976
50160673
71274842
53908874
17359952
44261238
79838151
7999664
30161166
120356
38929693
73724455
66285140
31507458
29101374
6417453
90611556
96364265
91138408
69718495
60412943
73770298
21667414
22985440
98509121
84740346
20931904
23647614
84590509
48108994
88774701
72962259
76789800
74145738
68402981
65548984
17818592
51112770
80552880
85882330
41649524
83967123
97510486
61368931
20611853
16412350
43979817
33551385
15393499
62643476
79404992
6539894
61616005
32431321
42279632
39684738
92291426
97273627
50272915
44005394
81451610
27981196
74569067
76526551
53428531
13809875
6023431
50042835
54060294
82461842
26418050
39153532
68922946
56182224
32977459
16391032
34381450
73196766
40821372
24607963
72946403
57290644
34634743
67358095
31517754
73151633
97322706
43377198
89817865
74155506
9247286
67985539
82006642
66241404
31138055
10614048
1837608
18345868
41832629
98456896
13575720
57195084
78308825
4915533
3266165
18989396
22956041
28130881
35719294
30498218
4003948
87727184
87695112
87436521
11876990
14097037
3831699
81503437
83909317
30972035
80844691
40726643
15481989
50304999
19826697
99783919
80120824
19771424
20215280
85982944
60399692
46326003
140006
32289725
27436329
43133900
96747824
8490268
23600584
17065019
69223437
35248797
83934334
98657819
67941727
71726356
1312670
31356024
63851787
43314129
38799646
20150256
15950346
5950413
70629731
92763164
99034875
10489609
58089097
9100727
82784848
14721158
39614652
65416929
68338294
54946597
66613301
85437187
80611265
70898881
75737410
75533076
92425293
83694514
33114792
70346093
28143327
23259532
70569187
94070266
87581070
2363052
25029225
93514560
39876319
36057995
49381593
6028970
23098203
50092036
35185949
98354721
62439052
80486997
33817598
12181109
76159111
25191594
4906653
19625369
13597829
82089039
52807135
82607453
28345144
36322975
93472578
78159903
97193156
60656052
80514693
36639852
3317427
41419848
97382325
84422465
53184338
50867657
74759902
73818196
60821065
58004816
1796246
21138974
16906345
18971681
91189349
73668347
69875967
99381095
82621150
46776756
48819187
88176547
73210877
71632781
78071177
75568673
56126471
92027696
37236640
64027954
49918517
89009037
82958104
21872912
89458297
46194312
48589912
375051
39339811
82002065
15961201
2190439
69047566
35655944
5983354
48098245
15667448
13333518
10910177
13458464
30412199
50129183
28749512
48009769
65637171
6823967
61227892
23979918
46094787
13443168
86587437
73443287
35632817
72897253
38141390
99266885
45335916
58859978
92622451
69186888
42443220
50196851
39136135
698786
39514438
81891036
73876656
24370830
28307942
67216483
80280069
27537526
75893352
49265506
34069816
59216843
43375487
55973520
34994742
24182134
44542032
45730343
34738493
63377254
42961234
87547846
69016637
26070206
87623567
4407755
53835722
62026581
64276569
62956325
91350547
30439431
50017248
30260413
2634842
49285644
22923166
78394607
56350801
65640322
48237147
5156345
68016448
21998305
72341755
151276
26580886
35792649
65235761
19690578
58760064
30550800
19087879
41553854
74346310
12627006
88976436
57695762
83492583
34130739
82824669
48383588
19822769
36446778
80518127
19566630
94979247
81273676
59154752
9217276
70352386
53545040
96034908
31676499
46306389
67144530
23049170
96061492
94213919
61536526
25152294
9643700
25332440
72102760
93192626
25147537
42557693
35890286
46462326
12016324
49173879
29146946
31142365
65906024
64568650
96479309
14921260
62599301
82907121
43480716
30690345
44157491
78858908
73502252
17085530
5610856
76896382
94770448
3107459
44830530
25108234
26038161
65340504
26579853
65012893
59254546
23933643
11499821
48971205
16919032
61679561
58722496
25005643
49489685
38525875
58771189
2016510
73741324
97484249
58010380
45092219
12889184
50696370
60937102
12471716
82400450
96490
82893575
98935447
5695879
25273582
50620841
90239615
34187462
71828999
37511827
26896996
83136187
19879126
7183202
57627068
45997171
71108277
55195092
2321269
79346482
