79
36
99
6
78
75
91
33
28
35
95
24
93
16
23
101
56
51
11
12
19
88
26
84
52
3
78
52
93
83
87
78
53
98
6
86
41
71
54
85
70
42
72
69
7
38
32
78
21
79
80
59
77
13
76
56
51
36
55
81
84
27
56
36
28
8
98
29
47
21
8
19
14
70
89
84
48
66
43
26
42
90
30
48
45
51
44
5
11
58
74
72
97
28
3
47
52
38
101
53
26
52
13
77
62
33
55
23
36
28
44
38
69
60
21
31
77
44
49
96
75
6
89
56
22
83
54
95
72
49
52
89
46
89
81
66
83
54
59
81
85
31
65
33
93
58
12
82
100
14
90
37
25
93
75
11
5
76
75
8
8
45
48
31
62
59
51
70
30
7
15
68
46
64
64
27
56
9
76
17
68
44
44
32
58
7
52
59
2
56
101
97
94
96
61
3
37
15
20
11
15
4
45
16
55
24
61
77
6
5
92
57
77
81
63
98
84
65
101
101
97
64
69
31
17
13
2
84
72
54
2
42
10
100
86
93
25
78
84
85
34
48
4
2
74
69
74
29
85
64
31
28
1
29
82
32
96
25
49
14
101
79
19
29
59
57
56
68
93
10
39
81
70
9
7
31
68
36
16
84
92
39
86
20
66
53
60
62
40
75
55
69
47
71
82
20
45
28
90
16
65
35
10
46
2
55
84
21
101
14
98
78
83
84
5
82
10
24
10
85
71
57
15
98
41
66
22
29
91
58
51
59
7
7
43
52
47
8
38
35
39
40
36
12
83
87
34
93
61
52
87
70
11
2
9
86
71
48
37
61
16
49
89
47
81
32
92
1
95
78
54
21
62
78
36
71
69
77
23
88
93
58
82
14
37
50
91
89
54
19
17
5
29
20
7
59
52
93
53
96
80
8
56
15
23
26
66
59
34
101
24
86
94
80
72
69
61
100
47
70
21
36
82
33
67
31
78
65
25
93
60
8
22
73
93
13
1
59
66
3
87
59
39
66
11
24
22
53
84
11
96
55
41
46
50
95
50
24
56
87
30
77
44
55
92
14
64
16
77
36
2
11
76
77
81
96
36
56
87
3
60
43
15
68
47
68
43
58
37
81
95
91
5
11
101
43
76
47
35
86
61
101
61
36
27
96
59
61
29
30
66
95
56
47
41
39
77
20
81
89
13
19
68
76
99
49
47
98
10
8
15
85
31
17
4
21
41
40
50
15
46
88
93
62
10
76
90
73
85
39
19
96
25
58
34
95
11
27
31
99
62
5
80
11
46
24
68
31
66
67
95
67
55
99
30
92
83
38
52
49
2
97
63
53
38
88
36
60
43
95
12
80
55
55
50
86
97
71
79
5
92
27
37
84
43
33
74
40
78
89
67
89
81
51
81
63
58
7
83
76
36
2
22
29
66
29
65
44
79
72
82
70
84
72
21
24
24
49
13
23
69
21
25
87
90
78
91
33
44
54
7
20
31
63
95
1
16
62
24
15
81
84
47
77
91
29
27
31
83
74
91
70
11
9
65
23
78
45
9
72
98
72
44
58
66
37
40
14
74
38
37
26
91
68
35
81
44
22
36
3
76
31
77
16
52
16
90
59
101
28
71
43
39
27
17
88
35
3
61
7
75
52
59
53
99
38
23
20
41
3
9
3
18
23
36
20
23
3
58
49
25
15
61
52
72
73
71
100
22
98
23
23
97
30
29
30
14
19
59
58
25
100
87
3
35
65
43
8
85
43
49
14
35
48
64
56
63
30
22
35
92
13
48
100
6
49
97
49
88
6
6
69
98
75
22
7
37
12
18
52
19
40
87
43
64
55
71
101
37
18
99
23
51
86
13
71
5
23
48
21
49
66
93
71
41
81
92
9
37
88
49
22
59
90
61
99
88
60
67
60
29
84
71
7
41
14
19
35
69
50
36
91
72
94
6
82
47
31
61
16
89
74
6
22
13
31
73
27
98
43
50
88
40
78
70
50
32
18
60
12
50
77
24
88
74
17
84
32
26
34
65
39
25
41
48
88
100
11
54
64
21
99
79
62
15
75
17
16
63
43
78
88
1
22
7
22
36
46
55
69
34
96
20
51
85
96
40
49
89
79
95
80
75
44
28
72
35
95
31
94
45
91
11
98
26
47
44
34
87
98
81
3
51
77
55
9
76
44
13
69
80
35
87
91
50
59
19
86
38
48
23
74
28
53
22
33
51
45
56
2
61
83
44
42
35
23
61
40
68
35
71
50
35
36
39
23
23
92
96
78
75
10
47
40
97
34
92
37
94
80
83
10
98
71
3
67
33
78
36
55
80
4
1
32
95
18
91
9
101
39
95
78
4
50
9
27
26
27
57
35
64
85
42
20
91
48
73
34
56
5
68
9
95
10
3
81
66
48
20
100
9
101
28
70
89
46
85
78
28
25
5
69
1
74
33
54
56
16
52
71
94
16
35
28
55
68
12
40
66
30
46
23
80
14
37
93
93
63
16
41
93
96
14
41
77
58
100
40
93
43
95
33
35
20
