2622544
95554337
54832398
97869072
56789123
90839471
30149992
45660780
73513150
4848233
74012350
38522640
13444203
22372108
6561438
12687703
91498458
70183974
59174266
55551716
97190378
46603897
27084146
74467591
84275239
90071931
65136441
82336518
14256089
60641332
63091060
68090040
47222085
94841109
36363000
99163810
41877732
94639855
19103452
73952340
37981034
64192232
82198393
44447863
70742300
24175096
5133256
20102995
1739343
98431487
849260
16074225
56076151
27964660
20516870
11303956
65997597
54985357
4114352
5383318
58737079
28996153
71709711
29523068
49030530
67479337
1113781
30247105
49676545
14606001
79083636
74603407
71451223
2495803
99213842
