27
55
45
71
76
80
66
25
72
13
91
17
4
84
13
65
66
75
85
79
17
47
65
79
35
61
8
50
2
56
93
99
89
31
99
53
75
78
53
34
45
42
12
3
67
32
23
85
34
79
89
52
77
19
25
15
16
90
18
24
54
43
6
36
5
6
99
41
55
80
18
23
86
40
50
43
92
10
27
42
25
29
82
66
100
68
96
7
60
37
79
64
15
27
79
35
75
52
34
60
89
49
45
42
56
91
14
51
87
72
72
67
14
61
39
2
49
28
34
46
46
75
41
27
54
13
71
95
57
69
91
2
48
43
73
37
50
75
64
5
19
69
99
35
90
69
8
58
15
61
38
37
6
74
72
64
59
30
43
53
34
5
59
26
65
12
55
11
20
56
91
33
62
66
23
30
74
1
17
78
101
85
93
85
94
27
93
6
83
16
29
4
52
8
87
87
89
97
57
8
61
43
48
22
51
17
47
30
68
22
99
100
44
56
31
16
42
43
26
22
54
32
44
96
53
15
37
96
23
92
58
39
79
33
80
46
32
31
47
77
85
69
41
19
26
81
34
39
29
33
97
1
81
38
27
36
43
23
62
23
91
20
50
10
79
27
18
93
63
19
78
49
95
13
27
80
10
19
37
35
34
90
73
53
93
60
50
13
100
98
73
58
23
66
78
31
8
71
43
55
34
46
32
53
8
81
35
7
26
95
83
99
100
97
61
8
84
50
94
56
49
81
13
76
89
34
38
91
57
98
12
46
1
81
14
94
21
81
64
98
85
62
38
60
40
59
52
86
68
53
33
41
35
99
77
31
100
60
8
38
19
50
3
7
72
71
15
96
34
22
29
33
91
58
60
47
56
97
30
75
78
8
75
76
40
48
85
34
57
76
75
37
67
41
40
57
61
88
85
78
53
17
46
43
46
75
33
29
83
74
50
17
68
54
87
59
48
96
37
16
99
35
34
67
17
42
28
39
37
29
67
87
57
11
63
44
60
83
10
41
80
13
101
29
10
15
19
86
76
7
28
21
15
44
10
101
3
83
67
97
29
46
56
53
89
51
12
20
49
45
46
71
4
60
27
34
86
28
66
56
28
71
30
46
59
44
79
1
69
41
42
91
2
53
46
57
82
29
17
59
31
58
33
18
11
26
44
98
36
84
14
36
15
2
76
9
49
85
98
18
38
40
66
36
97
15
70
5
50
43
48
91
77
12
8
38
95
46
97
35
19
92
61
42
72
22
