31137442
99096604
37127510
67186960
63023849
23869775
40064949
52350843
75106002
35028059
502089
12125002
56469805
25414673
72586723
6320111
50093261
83446419
54944627
23024869
99488393
62365685
77871600
17125120
27559778
76852581
47269882
50279958
3715111
62989529
24922512
9135722
50560861
15534431
3269196
30758095
42393337
49712656
2546555
11041455
51985317
15044230
11630895
79902202
24922419
41158382
94144065
70257501
93749611
48078480
59109385
88588681
74217755
29728088
82241467
53802548
64150082
13364995
24031376
48584190
41963684
99007171
74501436
80290185
82618651
25003343
34592412
77376459
25451586
779668
89899137
8223859
57863604
41798463
92826817
47594241
70373785
53184655
24040250
55260694
78295310
89972134
87413270
31079327
4292769
8938190
93692219
90924342
78586513
69353525
42963342
52823010
75888616
18849270
4337566
48286874
11568790
32413826
49639185
46132371
34296594
30712928
96182178
7055051
83403169
74729393
58158408
15649124
16331959
43607102
55807269
81645883
98131042
57791224
15996587
13810900
61215737
63172513
11516421
91803410
36779780
90398696
77274278
54087482
37488454
70139352
61691745
61319255
4258818
61276198
47717750
61270343
95994796
87990094
63896357
55100197
50402448
21088418
21671588
4183104
96282788
21143850
1380512
70445868
22239825
97919785
72273168
39401372
22897635
68769329
67058036
18790335
46900676
42892372
62828230
66287350
60640833
80144172
34267414
43030630
61197227
36009260
71677735
54345969
12928287
84555093
83976553
70008154
5438738
4347640
67058205
96253655
8167605
12973033
61087073
22890518
58308552
48359576
31933504
57486419
90219290
36907498
8066600
26842408
24846801
58052040
16386722
10416207
50924912
47029401
15400643
10874117
31402195
45498078
59732969
27495045
15908815
56612772
48674234
37408509
75360255
51746042
61024768
6370128
10438000
78769052
12618055
33074990
71067739
20105044
18995845
90795257
93063309
32970504
5359230
64155594
19049040
59791311
85678250
93826857
82846756
93969737
48349563
25224628
67234306
12598789
6722899
34328118
99767193
91185610
1854036
18942871
8501377
83492780
89657794
57179522
57197655
29931378
93544143
71973192
35069126
64793143
50518358
44345780
44382803
5967908
22398685
78401962
65673766
31996360
7342649
33705122
4875403
26043801
25297318
12453986
18564089
93702249
26781895
40341492
39102779
99753962
67025474
67149803
26161261
21732634
5356997
53180288
8211283
91089540
21282365
44728848
17718914
46344597
29943289
7806585
11467410
28985162
77039778
19243799
25798775
30904376
48347056
75340772
56110579
17190384
18966545
42982755
55376341
56147927
30207565
64198599
42234525
8741777
36537843
69254387
89881715
55332609
41586651
37581921
52684223
49609039
35437944
250895
1344309
95803127
35638902
20277605
53384596
36530711
33062119
12406171
18531032
82601142
70459884
61743874
22938018
90532277
11153585
14154891
58846636
1017792
39947160
32516826
17233940
28805988
69659076
28265143
29853225
64096823
41857526
25453610
42121184
673535
7783380
93732849
20469437
19154717
30121221
81975627
35109008
80218688
58373792
49797602
17390864
70041413
42300039
80534755
28663940
66055310
34689500
59235770
24834624
69282151
62116943
2682511
14784548
27148786
15679478
98602830
38841543
90746135
21315705
83779561
24110483
67212033
63262765
37482180
16831988
52177350
3990843
54646399
74241235
65169300
11955200
51745839
8769946
13274059
79217551
16259139
70055239
13454491
49337250
63439047
311246
33897781
56514733
36926407
98947676
41660351
1049329
48295823
96644095
16147511
12199882
78889590
70361583
630834
97006369
50014462
60577449
63800910
37994099
1007851
44242324
41282015
63584162
75614862
75081221
83191007
99711889
63589751
59823220
34626551
37019810
5497355
51736428
30707358
24787934
83389859
48120643
52337014
19598654
58979910
11501890
74686591
21155719
92820204
17679411
87290572
20435647
87588203
66651324
91627978
58472764
15223882
81599667
64690299
74782392
74202795
80304364
42585071
30335753
82498448
43851986
23767450
33421589
61525079
9757290
86818717
18141696
81412944
15689415
71782039
51854458
83601006
58595266
213482
8009853
93531203
61965786
38341938
37539214
44405657
73806869
45500654
13166818
6463862
75534043
32883196
63902819
86045337
97219850
33008890
92017598
91811076
31108441
23120588
32537402
46540935
6814414
98019692
97548892
79253004
2504452
38387948
5617148
11943290
90833836
57219933
36588560
1071168
72960063
31103610
8182471
39736566
41386426
52166593
68834555
49172745
71291223
2693640
60375434
33645095
10287416
28328188
67164100
43840066
66540107
54892068
84170010
30229779
45204314
11722047
50387561
4072867
78126727
65062191
94575584
51725339
51182541
61152662
15105430
80617295
82091646
42475942
38054313
43665958
87479786
3750405
79989093
41373038
26459936
77905896
67709220
9613139
37803872
951677
50202035
85946462
55185294
62003634
82131722
40070277
23217844
15891286
19094888
80997016
29537565
70363977
95082338
60124985
83414791
26827310
51722003
33890644
89034125
80026802
41721181
34596553
74857828
30584413
59378139
67617456
93412948
33032411
35218523
46224821
98532893
55716235
91619137
3249346
29098861
38649206
59536458
21028646
21156553
66498350
77280458
69921225
75244377
99885964
99324038
60616022
36179922
86565759
47032860
8446252
75844594
24774417
72813690
61784079
70167204
55533827
39551179
41755084
39457484
61317118
10392583
8289958
7922399
61547163
46410559
70720050
59025020
62528360
62442967
55778306
13273936
31757443
13372603
16751902
43554616
2124773
78121597
51183099
52610326
74485576
86543676
43485232
5393545
60882683
183071
31255605
10011655
63627523
49263743
35159131
67175570
72152885
69901331
11045170
34497168
43252421
78561589
52907749
30972137
71848615
7951889
29428616
23516885
75000263
34221185
40587077
88007351
14816338
93726944
98768466
5894994
54917272
77688327
19505415
63535236
21963132
76237684
21308620
68898174
15562189
56551956
44179227
45400462
94412137
78732132
17505105
54705043
18711980
32574700
5645838
56326744
43519955
54082637
37431717
21123745
59318380
62493814
36299635
75440579
69138470
89863359
50607099
77417184
85343328
37333110
80705011
19328275
16593925
6571652
62371057
70340485
13397486
53192648
57517854
78045538
16337297
95205311
53899199
61428202
44362268
61310180
66246023
40164203
32237833
72763058
12429673
13030042
89503765
47893269
54978416
12910117
53092386
85996140
58720519
28737735
52483797
6014998
59416548
26730391
84502905
8041893
71449143
89816653
96819066
97639783
59513212
94144094
54215620
40993622
10442503
35669231
78990985
42079235
58649510
72227102
66027118
79473129
92441124
25162149
53482991
90163975
2076252
99079102
7056167
15229857
64421789
74930874
54193878
19759728
911878
80743187
94082728
3517247
5004539
52628471
66684722
65394630
50697744
91327495
59914957
92609304
84197433
72630995
26248398
29880294
24433774
58689683
64134083
19411895
79979864
40502794
13154396
54487402
18539421
55837478
77647407
12529462
83298746
32336672
34527133
25532860
14537709
17476998
64055251
53292514
74909273
37646469
53335124
48251488
66136773
84366394
38803978
88536083
94720207
96510257
87354694
24483410
50856634
1227905
1546252
61672329
33483940
66068283
84709605
49019860
70503338
92689451
40362548
69889391
71490671
7780266
93808106
3657885
48370436
92514126
40203348
26425483
7161061
29956585
36894756
34709801
37184509
9718047
67857131
77954726
53764951
83891797
12241496
91645280
6185778
97778452
84115280
31650828
21146801
92639933
41599141
4521054
17519494
73351965
46343142
6456726
31912092
53306792
31442012
86376913
73863084
56474341
62245832
89921795
9062578
57617428
53360222
31763253
59415943
84027366
77322736
96834674
42448761
42200625
63251782
44566743
75340041
60708806
66120776
7390162
12036425
4193512
13166329
38868557
71132569
82401725
36492031
42934858
12148724
2291364
48296722
60845048
71781475
14025511
49656897
42800997
91235365
50017903
85334797
86689006
36976043
84832797
67119839
24363165
87111353
42530840
12158494
20882917
41247673
72934283
39291430
81495578
71157605
42981056
72835539
48431812
58898085
26563752
9961599
75871820
18423929
56765291
35173702
28876604
66827691
10789496
18089405
64369816
14383741
42057485
42543525
97269719
11162765
78143078
62535177
67658378
66355058
443693
57460102
19180103
55011717
7744624
8013132
98563898
58397148
82317336
95466520
55412802
30557033
78568376
28689552
25491846
62851903
12472335
64184791
22717389
41290218
43666479
90744633
64344179
90140679
71067552
80298345
18802235
29465661
200669
98931759
24202845
98766283
5761436
8425966
19093009
66003750
16475691
69311866
54918767
21611457
6936819
80170424
88447387
92009055
68903668
23803009
41529527
81744131
30008315
96552188
39248214
31625509
47512443
87667339
94172563
16126628
29659174
908456
35966108
24562218
85078298
89858413
55772473
73260364
77864871
68623473
39778248
71977848
4278593
26738686
98064166
55555166
82007590
10439805
14394291
54231620
26644874
34302967
96483316
59493172
92895750
17497990
3518345
26907698
39961877
53788174
98396262
27391172
7530081
82804104
91804818
73611502
19296994
11797238
66818530
10268792
71048245
40581534
70038316
92211291
13693402
40917622
34555045
68196750
17034814
22469065
68865342
99738560
32326424
42397780
22744873
14143126
92741501
34092986
10574939
6158212
50642462
63148167
57822718
54249841
79450029
61523614
1764682
12795961
77175203
80822016
18208212
91065824
35491388
90088954
96996022
95257722
88214124
79064886
63799298
15606409
84358718
53906183
32522455
92488612
34720514
66913630
39020727
12716654
68850547
45579477
3987934
83896467
37364564
95824373
14717662
13025996
38196370
91506424
39176802
56168541
22303651
29430245
47205604
21289991
2329403
18348419
58376231
64330256
94902317
53808383
15132605
16707130
97226825
88278085
1574545
38989745
75901773
58981094
11002223
72102712
7595810
51067351
25814165
35408908
17230749
556455
17042030
31026658
96496322
31327283
68669932
35289657
18540420
34680766
75329209
14528088
5736991
50578458
47799436
6270366
88167179
24424020
90468490
75399579
8645745
29775058
35127835
37636869
75893486
74570341
32492073
48943355
15180445
50661413
27308071
50821585
2224365
40084379
82201291
90967933
71210146
98336160
15605307
43060496
45608311
44724365
56841802
94886012
74585755
46472073
40454208
76798184
98845207
98992374
44440053
96199894
83633174
15072607
56245994
86144546
19155812
60892386
70548352
74430804
93459867
77326821
78288486
90026178
70742437
33903177
80380362
29633586
94544761
22517458
69301272
45026592
15976350
2905295
98046692
2706138
2602984
26063607
40304030
31194440
87199196
98079081
20925308
9839498
38134128
34646291
60091695
38630026
61997866
17570497
43939014
85747785
27939285
96349478
67674371
37177876
23104955
32722335
52151043
13996990
38170614
82210275
34570035
31698732
2141663
50450956
47922762
39009298
10350598
92158389
12991584
38046808
12600998
19012960
95662341
64912633
53019737
57078434
77599629
81627392
12224625
85816816
67844649
27077041
11558973
18506616
49754902
2768479
94011143
88848149
96726120
14640893
21489966
7395317
2333754
22251514
51486774
60062983
82210390
97807198
9216846
37295741
1913931
17561078
97812
60732982
48996159
43906569
33457223
85188888
15877817
6748909
70165903
42164274
23581937
70857413
12329504
49096247
54488124
38445945
93355961
44231810
47263733
80165448
78708844
35875993
45028972
40127494
81338656
50771674
75233322
81052820
89909548
20308020
94813922
84941833
61831056
78130561
78406938
44503969
21058217
35682955
3076313
24444386
76882840
88413875
63469140
91763429
187539
31142398
76824368
90104719
31782358
66745262
47054966
50776129
59298297
4581187
29926708
31384773
18951747
52533621
68821844
50739303
31148698
6206428
73521769
49807148
1772768
64847027
95061070
48543942
74951187
85890252
10145208
66605544
21180551
77616987
79170871
35203762
31895388
7840183
49004698
35954931
26090350
54533889
80096866
94675272
72366035
21455586
60811649
85142168
74499573
5137709
52285848
54427213
20325342
35076682
9775708
29905912
9050025
3888689
60643872
67586536
31333532
39466736
24458991
64338291
21141546
29434174
31178166
12808229
26384003
33318791
96836247
30531691
90335304
97579338
65228109
68120373
96132240
25157080
63315932
68793348
25080687
44569553
22857005
13879385
42062203
91121481
4158201
31863627
71560748
21615735
68288006
