11
76
46
47
88
53
14
24
87
67
14
27
24
78
96
97
93
18
92
96
74
7
97
66
56
69
31
98
74
90
92
82
46
68
22
14
75
59
32
5
35
101
54
60
19
54
38
58
8
25
25
59
20
86
50
14
72
7
10
72
98
90
94
97
27
43
54
3
60
66
81
90
25
95
20
39
13
35
90
98
86
63
20
45
58
18
29
83
41
59
10
62
61
42
25
48
52
46
100
26
7
7
83
66
35
28
99
1
30
63
94
42
55
39
55
19
69
5
73
61
37
99
68
52
30
18
96
22
34
86
43
88
35
17
98
52
29
45
40
8
38
93
26
84
16
46
55
87
34
13
43
45
65
26
83
13
30
3
92
36
94
40
6
97
56
65
75
37
30
24
16
41
40
15
56
69
91
64
53
44
23
96
1
7
22
87
55
85
72
87
101
60
76
29
86
25
101
78
23
48
100
6
61
77
42
19
20
42
46
16
27
90
29
95
30
65
31
40
3
72
93
53
8
13
21
85
33
72
62
20
88
84
17
100
42
25
28
49
45
80
79
58
70
44
81
3
88
76
11
52
83
82
18
25
10
68
65
56
77
46
88
42
60
65
86
76
47
80
69
60
37
52
67
42
78
62
62
72
5
34
61
54
22
31
49
91
91
14
93
90
61
21
15
5
61
5
35
65
53
40
85
80
39
9
85
77
33
50
82
93
26
99
74
90
38
99
35
73
20
79
101
46
60
41
60
93
3
47
45
37
97
59
8
51
39
81
79
41
18
100
56
16
94
36
86
76
57
22
76
67
81
21
37
79
86
36
34
73
95
51
8
12
30
67
90
81
24
15
24
86
62
50
3
60
92
51
11
87
28
95
31
23
91
47
66
97
1
70
45
5
39
31
70
6
53
47
88
29
85
38
62
93
63
69
21
23
87
12
52
14
57
8
69
32
23
23
67
40
31
69
61
54
67
90
23
50
67
15
69
70
27
43
64
62
18
38
89
81
76
10
34
96
75
24
54
34
60
30
59
11
93
82
31
84
39
26
77
62
36
66
92
60
15
20
2
76
60
93
56
34
51
44
82
25
12
7
44
80
26
50
97
91
96
91
98
25
14
33
70
95
83
90
14
50
50
1
26
27
16
74
