77
42
46
44
70
43
32
9
29
98
27
78
2
44
101
37
43
100
101
17
57
56
27
86
76
44
56
11
66
65
3
58
53
89
35
82
63
59
15
33
3
49
63
76
53
76
18
7
11
30
31
14
24
81
12
55
101
90
76
22
26
43
52
52
98
22
15
92
2
84
51
15
69
17
25
91
87
2
74
75
13
43
59
90
68
39
61
55
48
72
46
69
47
86
76
85
24
83
19
40
13
82
77
49
72
34
35
9
76
54
16
30
94
31
28
21
43
40
28
42
18
39
57
38
73
76
101
46
88
19
66
99
56
79
9
89
88
55
28
35
7
27
3
44
14
20
98
30
15
46
10
11
75
91
40
63
57
98
52
78
25
63
73
86
18
36
25
57
96
91
90
82
47
90
26
19
64
45
18
26
27
25
97
73
37
11
85
33
86
55
34
98
98
14
48
73
33
56
12
15
67
48
67
54
35
63
19
3
15
44
94
59
83
87
54
31
17
15
78
17
52
34
64
96
10
101
79
56
19
65
56
27
76
84
53
86
16
25
42
19
56
52
78
6
52
2
66
32
57
16
1
91
62
20
60
44
6
25
94
99
12
81
18
28
30
58
65
12
34
15
66
41
64
94
18
19
9
54
77
89
39
58
58
86
36
88
70
36
30
45
17
13
45
92
35
92
28
3
76
3
68
38
74
58
28
14
62
94
41
64
30
81
62
7
6
21
44
7
94
59
61
75
75
81
24
101
23
2
39
24
39
98
44
6
70
9
68
56
37
26
59
18
15
51
19
88
29
62
44
83
20
13
77
22
36
36
98
37
55
64
2
81
48
22
69
31
82
11
73
67
91
81
36
19
31
75
58
100
92
79
18
44
2
71
45
13
90
41
74
57
96
30
20
66
41
27
97
70
97
27
61
88
93
8
52
6
39
71
47
54
56
68
2
64
44
92
39
21
46
45
9
84
94
10
16
70
61
13
100
31
97
41
40
42
81
35
35
18
12
62
95
80
98
92
56
16
2
45
15
95
71
85
62
83
48
63
30
63
16
18
45
65
23
30
8
59
23
5
9
51
18
101
4
76
97
86
31
41
62
40
89
47
1
71
14
92
31
96
41
31
47
50
67
54
86
52
23
100
5
47
96
27
77
59
80
46
29
78
80
63
91
56
37
23
94
11
26
53
14
39
78
92
17
35
80
69
51
46
4
9
54
83
19
27
14
42
96
15
89
38
30
84
48
4
65
44
32
76
3
79
82
10
74
36
91
16
5
94
37
61
38
47
94
12
75
49
22
86
12
6
18
40
71
89
5
52
50
86
92
63
84
52
100
42
72
10
100
5
71
58
15
51
25
97
87
62
91
42
24
83
17
73
81
56
69
53
17
98
44
97
10
51
40
89
54
25
21
23
96
61
32
99
24
4
13
28
16
40
67
38
65
81
18
34
31
61
27
59
79
45
79
1
57
4
48
63
63
101
63
86
74
30
83
35
21
9
21
38
80
9
97
20
26
19
29
43
18
54
75
59
20
40
81
58
6
77
34
63
21
24
85
8
83
87
17
40
81
12
36
86
3
23
5
60
1
24
53
36
64
3
37
92
71
87
3
17
69
52
65
16
80
56
1
2
3
80
43
31
55
50
17
84
40
20
33
84
49
34
37
32
53
41
98
57
71
31
43
17
25
59
79
77
65
95
66
41
70
63
83
17
2
72
28
76
19
93
54
81
60
18
77
73
99
2
35
55
53
85
17
60
53
40
93
75
3
92
89
50
65
94
92
23
85
11
26
92
49
2
3
43
63
97
77
12
29
52
30
3
65
95
41
13
61
67
91
10
78
12
54
57
36
61
35
79
100
98
30
30
6
85
68
14
82
7
29
13
91
41
7
9
94
88
62
27
35
62
51
99
83
45
76
77
8
31
77
55
45
72
29
83
5
22
70
72
22
3
17
52
22
35
41
82
87
60
60
29
25
53
64
13
59
70
90
4
37
7
47
5
64
20
69
14
89
57
35
25
27
90
27
17
49
51
95
41
20
27
77
58
23
5
81
94
80
27
39
71
50
81
57
45
89
19
7
33
2
6
71
49
33
91
46
99
35
60
31
20
77
46
93
84
8
62
46
45
11
1
3
7
61
87
30
84
19
33
8
32
7
98
97
66
47
45
95
7
30
44
41
68
18
8
83
100
101
44
17
66
20
70
10
39
13
6
89
80
40
85
41
5
22
16
23
27
90
63
99
62
35
73
27
73
72
90
18
76
64
79
83
15
19
1
35
93
20
30
65
62
69
99
68
83
13
94
75
36
24
44
6
101
22
57
61
50
88
16
80
11
19
54
45
25
38
28
23
9
13
60
19
96
72
65
14
90
65
92
63
49
89
10
26
40
21
89
78
40
1
23
91
14
72
13
29
101
19
59
15
46
22
44
63
48
67
70
93
73
77
43
24
38
22
10
71
85
87
73
50
1
81
39
77
48
41
18
96
99
32
89
60
38
97
42
51
71
62
97
53
51
52
30
9
101
26
39
17
60
76
76
43
14
52
44
65
46
101
87
48
40
67
9
43
41
89
37
48
30
96
29
64
74
6
65
59
48
71
30
53
34
48
30
58
35
76
49
6
64
61
33
47
95
73
99
42
78
13
38
19
64
83
60
80
11
50
99
82
92
48
23
86
20
26
79
5
80
33
57
7
45
49
42
79
9
52
49
13
20
91
85
77
84
78
87
87
85
4
73
26
41
32
16
13
62
72
45
20
28
75
36
37
26
98
29
22
6
33
92
86
3
65
29
7
88
94
73
29
50
21
30
101
100
42
87
22
94
59
15
16
31
47
50
60
65
10
67
53
40
91
34
22
69
21
40
10
52
60
72
98
101
56
29
46
55
34
84
98
16
78
3
9
25
100
44
73
6
35
96
9
45
51
41
44
88
74
91
24
89
21
1
41
60
53
86
53
47
47
69
4
49
59
98
31
67
101
100
92
54
8
83
4
21
18
57
66
96
20
59
15
49
81
76
98
77
19
45
66
4
68
5
72
27
29
100
96
16
20
25
29
59
8
1
8
90
44
47
21
44
31
69
8
19
100
22
87
65
101
77
91
36
80
75
22
5
28
47
12
4
33
34
87
17
1
17
96
61
90
67
53
30
14
80
43
60
82
100
60
40
95
19
4
3
85
8
67
95
73
57
21
70
39
54
27
88
36
17
30
50
98
97
8
86
5
80
41
53
65
