4772071
3421904
50874499
341241
14900002
12270146
80610607
24925326
68861466
97146724
57007289
70754578
67814502
51511329
25022035
21764392
2790050
87484685
90861820
47226331
87564172
70712933
97345952
5120008
89548077
35706085
12224225
3775503
78389916
11109318
69723883
47650150
84512087
88082722
6156803
29620776
76602979
37626493
98284666
96973445
50003562
9665458
6256520
25116241
74642521
77494639
30881736
49129592
68211081
39997998
15148979
21427856
46176301
22317917
67814059
67833651
33592884
31199229
4438632
50493222
64586118
93269590
69539015
38277871
54388292
96825812
36901075
64747105
48298962
49154972
91787742
61569302
43428985
97916546
47587469
51097447
13108240
41196969
45946347
58212100
1309859
2777929
96290541
89180752
84002316
64755359
88308615
85978869
87599483
96322587
16867886
72795590
85441100
94243031
76756672
13580504
75973514
30475727
6870835
28518939
63669328
32213452
15707729
51824586
30459290
64726536
44975116
14168176
15068238
8753991
65615127
36606423
13626641
53092925
71471052
7787772
81789310
69728283
43989640
69215948
91891564
80928819
54417964
95914386
80422000
63519708
52346458
28252862
24590042
52644475
73218917
61170429
96222734
47594597
47215649
10503096
21623635
62783598
90611841
35718187
46640915
26235452
42569953
19337769
13393491
30577305
94607507
73419229
76198324
37879969
1622028
77610276
79214001
99389766
91281723
13227647
55362626
9462037
93289758
41076999
67421960
99868403
68540028
81010199
49301963
34813686
73390009
59122490
75725563
75611451
96789389
9378748
79750202
16154200
31238098
87540247
30479536
72263701
2732597
77299010
78469218
35856047
33107266
36380659
4946269
53717860
59977730
74994355
78180318
8506608
68080662
49322641
24211840
70606987
30394472
57908939
595686
67534131
53669183
13775347
29125905
96834235
57050717
88096509
55136840
4535421
7699042
85595009
16088282
19332296
66122168
97259239
49314488
31104746
12292468
99366727
68642169
96269374
64711709
81201473
75679845
83636272
45394698
28158825
65331763
94387740
42781476
97316146
89658214
21591115
54305951
37532051
39476638
85124251
23869523
62235807
44752336
50145333
40687500
15574516
48277241
37501059
23053443
58204782
9200988
37771940
56054199
20901745
42361698
55837328
91510669
53418622
76118196
97091920
87488106
44654542
82918718
75217714
65120178
52667348
39032538
93270572
56114579
86492716
27025655
88974022
89857446
66671507
19501292
77083231
71489568
24669959
50403082
92672842
15167760
27754674
879146
20585186
19392761
59469194
16848033
6620279
32837282
39562935
54389849
23723743
54690510
11446463
53972044
51092285
90471790
70806170
57745491
34602381
59813302
66453866
59193629
84535443
5232468
29823432
45536679
44888979
4056459
49156239
32544521
61130885
16806953
45222001
80362673
85786891
17893950
79630986
44333219
75310941
17690524
86695354
1192058
99056072
70057052
47033695
85194527
73958216
81697513
33643005
27628775
56219450
26116839
58237270
52441150
16768911
75231567
8081159
87317653
69513667
11787262
81434866
65794193
41522768
46973289
87409684
14184647
67630208
79789390
261276
53090181
69433153
49031446
11079544
90386389
32061946
77669623
48041485
63769871
74372734
52417156
60319033
42122314
63149508
53370095
20303842
69991177
89310995
92965123
41705827
55496229
39299842
96889784
48806409
91152698
35673676
28964981
22452381
38712412
25239321
67353006
30770546
29939516
57179345
60499398
90087537
85644686
60265294
66216445
74257596
9448654
84478589
96200188
92392279
99365003
54837773
26741266
12550646
75776368
57080348
35150297
70016132
34625182
83917096
93690879
93648910
96867323
45102827
68137461
18155695
88219831
29055763
92576587
75935362
95749433
33169605
34850607
5038663
77278363
56721358
89666204
23623524
76095718
3510747
10344695
84816380
17181318
73962816
84778646
76313720
1134938
40977829
13991845
57624948
72083443
47121561
38417173
78088271
21789139
76155110
53542209
25163676
59052526
41929040
59945990
49843519
13594398
60705733
32053740
9958225
70732934
34667056
32171857
59751866
98040687
91283566
67613922
88668115
75541403
82746719
20418929
37647005
28358506
2657192
8543619
59376854
70416894
46089829
97609942
47286835
1088280
18120937
87865246
98272284
63306635
92718813
22510715
86533822
6010347
93968406
34208580
66831193
8006273
83987956
30344845
79714020
30444159
97561866
87551725
82894081
8731341
4879897
85576932
8369109
68505031
3580239
38302553
32489715
53627907
87109521
64293418
86009256
49971688
6103793
72927247
43046004
49170224
2960310
89570413
38529693
27095090
75477310
64108937
41486753
20395999
5521453
77009786
15977236
8931732
41076690
42649732
18610336
92589872
94231119
99681498
23852059
16863780
77362424
91636568
96049915
86970201
27899535
76366833
85360015
2136342
76747696
39953110
43636245
11852803
55657186
64893125
34857912
78433063
25333326
16259091
93696673
29373742
86681005
92677046
45981664
25984628
34430531
55031695
69186591
88402576
91095531
9486835
87836655
64440880
76043969
88748802
27346340
96513708
31824185
17324092
27748735
38916416
45192609
88057957
57589418
47998159
1544493
79250606
5398790
19767995
11560151
19006589
83732802
55599295
95917193
22190153
51673232
75718424
60488287
9948438
65855817
80588350
42947693
53619782
98399151
40147219
63313011
81080065
32553937
73132575
94146158
39075730
1538857
87208149
10880861
13730373
48505009
22679454
9392737
78461458
44978762
18512575
14785573
86270508
5159009
5854994
7039914
80358536
6684465
84427767
68512960
79585494
5195225
88016946
39868741
24287531
18551952
44284901
22711420
62253551
891105
51577082
1382472
51775060
82051448
74497717
12340068
92497797
78823421
67781389
60757570
55734932
9674910
90921604
19316073
87580013
52520984
63473401
83399059
79643646
56164008
75885023
57770317
41389760
62302960
88152245
70866016
44133731
29172765
91567258
22483283
30843712
5649067
36011850
58882681
19656387
67920690
47965658
19941690
82215567
33368897
48473711
54597442
41752019
11010320
7316253
61090365
96203341
34502388
57326613
79832055
74473443
63376741
9644795
97255705
8519042
16224280
62608753
70102091
58601263
46044754
18046386
40273514
20752771
18286375
22658645
70008220
73070725
59513021
15431639
33466117
59340522
78280195
84847518
68784645
45853231
5106912
28655015
80700938
96767439
76551973
59350948
63315108
23304935
1277162
91871419
13117277
12824356
49855642
43740344
32575270
77348785
20574404
68685103
24150009
1020061
76067475
84786384
40384280
16231132
52301707
68965743
45466122
90412450
60819720
40633580
25982179
93365803
48340487
71102959
10603552
53650512
65926023
86220563
73275975
18427617
28142392
89808776
45917554
7435567
94954584
33237215
62937043
60924140
95796559
72433822
24618226
49975098
13777432
60491446
94077146
41274494
61794330
41786363
76271990
14511500
12367176
38932759
20948354
66522821
16585856
44084015
66317634
23882526
89653396
92443113
25700720
39449179
92834900
88852619
94455728
31605008
475499
7111284
7556526
86194378
86046887
25818823
69080139
47059157
96318370
9791048
4557081
4325674
37292579
61820464
74591459
14177950
90930484
45246580
77820916
86184543
4392107
52688320
26639885
53391145
96784604
5802823
10004633
90692720
91822263
58201534
67485174
67938800
94522498
77379888
82518151
38360344
95851829
78472093
96327542
66765147
86498653
83100737
82401302
63775578
83895735
65447236
22743535
32168328
497179
45852838
35125548
16082065
49377280
63171650
57448271
59465554
78321960
87121279
96328645
4167105
97713654
295358
68475264
52529384
8397477
25275201
86274163
60163404
55308477
34032391
22726850
42405234
39107755
84794979
43422052
74990359
931588
55178016
18859679
6078969
47255341
29087371
31298168
57735759
21684778
81211554
5185925
12242104
34662343
18038844
12245133
91168617
41461740
39500538
89059564
77407890
86778295
44771934
25281256
77891476
69396319
18421937
84619546
71884083
79704613
23028075
22205510
88833892
19881168
55335129
6267801
88717913
52836626
31134237
39026595
51027333
99855698
98435825
40267965
16922379
54366996
51402729
72603122
92697533
81218577
16685781
84704080
95468541
86816437
31989294
87830932
21361786
42735526
61627102
65635925
20503969
9532284
80705079
88236465
5979002
3500924
11759558
87380647
14307338
48225159
5183668
32385032
61746301
56892616
57391782
85794726
44010086
98094965
77754023
9552868
78473144
11613197
7338055
6137276
80430545
51228714
14019646
10893064
22775791
57052033
29858232
45736397
10527750
13998061
47263862
55666697
1058045
36846117
88205106
54189604
90833369
566503
37255762
39731768
3036494
18426065
19253858
74450588
17037355
83440772
99984617
71828524
75906337
39017864
21930959
74616553
3687204
95388903
47850736
24527957
13792349
6777994
74551932
46698511
25850015
48466725
34521024
52405552
62797080
35913497
72806939
92166596
53464715
64725179
16194512
79154597
74844495
31529960
91901178
86841254
27580933
4348990
92544270
57080094
79047642
42870189
57195192
67746059
46922893
50720235
90010550
17405009
30030963
78095897
62612482
38448161
34817354
73479708
95216044
23209214
8269282
23708275
23067667
1245727
89963542
92978237
51159907
65351087
15775875
98442062
82421912
32282387
92740147
35378107
10673663
23530727
81973175
76136964
36872554
97172451
6573373
10121587
38976891
57265320
30301010
33063746
52209336
30781518
75817489
52551666
32193794
92207332
97911015
56062182
69157976
25988200
64603010
20599605
58230842
73788459
38666834
23439293
15905262
36524299
31891730
9749525
32024397
85275486
95787440
57980836
54321488
25213672
115883
8958004
1545855
10717369
91621008
51998379
2296220
25980549
48337991
76535744
33748081
60961791
64946702
65236129
31036466
41170731
87064047
84526579
74844127
41351998
96499789
93653021
59781000
61513701
44330767
5618408
15116504
76136427
74130076
28232709
81096486
53146964
41600275
24834273
45314935
8025115
14171550
78785467
14920405
68044489
61093714
79478170
57789077
4139632
81419573
92601874
26965342
8464010
40511078
83446731
933677
93175625
88492963
26896092
51805315
71298352
31569265
91839088
99604597
10763765
31690790
76362760
9343683
83686498
61989776
41609428
17746928
89809998
34395472
22349006
10510451
30997978
23620579
81738033
45275296
15722655
76420636
89893281
73785861
75002720
88020812
78856198
91316395
23215476
76654030
56034822
60576714
90979154
11481716
29324535
99370056
424720
77673125
56897985
82463593
64247152
83776407
99524098
75255066
14655334
8347211
60592798
82644967
65760226
4842759
79933982
77702577
73415212
67039085
60129332
87324758
35188976
31501199
3518577
13899325
48678010
29459439
9858384
23944422
83711047
86406719
84466172
79278232
56776301
4831460
42077885
16238830
23883290
79353558
67155329
61422497
57483508
39486801
83999214
85241945
40497365
51036536
44344419
26314148
90674392
24341837
79930584
20481789
7685
82871110
97058556
18575129
33108969
61824563
99239215
3109771
5541128
90664671
54511491
81247427
99663593
43472045
3518883
8623286
58875976
31747589
92144428
14723055
12896684
64851920
98865281
97345030
93475268
7004334
76905814
16101849
93744779
90661444
52567282
13051640
10381727
4065109
21307827
49329519
66256497
12995559
70391209
42771329
44254407
45842019
99777445
3864821
24735029
29263901
43800596
40511019
35599857
23104136
70531741
63466532
93968846
73115606
25804161
17527221
55189527
9078595
38144083
1962895
95991477
47988024
152026
59241062
23792112
53638533
98337874
47647205
87675710
56122273
30205592
70115408
22882602
97959925
77923010
58261303
47505146
24647131
74620858
18974177
42152610
79692543
29698010
67334720
15081520
85076765
73994730
99927441
80057588
14092226
98569223
5746191
211214
50648818
14948216
16868224
10593963
60198800
18544373
57590649
83725218
91355
84773129
78866254
26456229
19091778
83282602
18608695
77020388
29995624
98541602
28016685
77076923
69841999
79513981
26675810
23762722
63496406
97221282
76778985
56746423
74992273
49121060
36807174
93735618
49579337
25662166
66310187
73477570
92221580
57104762
83818821
24394704
24012685
58805580
82283647
85447543
87481500
17797670
4582413
81275437
19846158
86312800
70220694
88061017
9640321
3602561
49543228
46004958
54011548
65370392
88462934
47178662
65191080
22139832
74875415
21932591
9737655
99014873
20173283
30877354
50854232
32549806
82692845
98609403
14861221
89248822
18821103
27322730
44351170
37901542
36299563
66733265
61081590
5771813
4126042
61565428
45967470
63918263
44388757
41116896
55105955
51564846
40003010
97723069
80920140
58117865
94695222
85862194
71338150
21261092
98674851
19873879
7409439
86046000
24500308
24791332
28913503
26158399
43690533
35134834
10071598
31512150
37801797
84553576
28702745
38314517
14587287
84025988
77127845
35666656
19636219
62712705
5267842
8132037
59407032
35961696
54169570
5572166
77146310
95563208
90555179
26434455
80433407
21996277
23692277
57862494
69559910
89599637
1283589
24644197
31215127
31922636
17279570
26602844
95297307
41547779
83586316
13564387
94825324
3296203
55894119
61996101
36709685
26468675
8871653
51288440
35692198
57124547
29565328
52383425
87591760
58790590
7416932
59551591
54537238
2019409
5511632
98683430
9591768
30901954
79418265
67067685
49336920
22347598
9684120
91720643
54048540
53859118
58317266
29964595
29919101
13171643
52468433
44650076
22040552
15076923
12474265
333445
67011117
58237924
92538427
99804190
67813183
25103604
95932181
44320796
74612033
71329298
76281401
54370770
17712187
95701502
95537965
66594421
73525073
4951471
12465116
87301849
62818120
41581437
28466764
87260975
31652947
94864573
68621467
93371072
29912845
94618889
67256741
94880241
59061937
19304487
11990239
81330355
70547502
83677466
68207593
47831948
71034256
98808175
22315466
3777663
29655720
78830486
65484616
37477522
74592360
42924680
45226428
54370806
11816291
6170558
99939820
2204767
63529362
35237144
6281980
40044305
2902083
76586278
12901737
14394266
53781409
38557843
63648588
21747125
47107448
34412088
58694270
23641976
6778867
86198446
58703239
72960745
72712809
12101476
27910947
31820722
54150703
17083544
87503275
70006401
6277876
6522505
77851298
93442773
31385447
93078644
89987439
75106856
78678724
77987744
48062988
16019060
27201300
64637935
65793040
71911411
71164891
38190772
13682805
29983617
463927
13552037
82152985
37017040
8510019
64671790
47685939
25671267
12683228
68324720
15312697
86561581
53524582
58585406
84778681
70918608
65039260
76246663
4160297
98313172
2194153
29804709
41681298
77115573
70953943
64238515
31136393
17549982
13546870
43015889
28552771
79287913
18312960
87356921
85138494
44091326
2165399
28776762
50690613
77829464
78992564
82431784
24754561
71736271
37799220
90848504
8228090
32808355
81191226
8127425
29386208
39943328
40354604
58546936
25373601
16171013
74468668
41241190
40802257
31946686
83305343
82237791
87099516
32057464
66330965
60403625
60979600
29000951
4463879
97366236
1344901
2984853
54441357
83299238
42658954
42747180
12555661
94530030
5574719
51975924
12583778
43448481
32601697
67676132
30584578
5899256
75879891
94834032
9302641
12152421
42498997
1148644
50953743
53322622
96875100
59361478
68175867
13615192
75941957
32320684
80948731
33276442
17003422
85203269
24771424
38889589
48411566
16202524
80930274
8723863
83855545
84147716
2055571
39177541
1370065
98387195
69589456
12738236
50719077
9788806
98614837
56357154
81138245
31304810
35200034
99718519
88522477
55443369
36618568
12127431
44878574
61507258
96008721
52060404
15009197
48017994
58250118
57865889
90771089
15702552
46394492
26645881
49128981
69131571
64685727
22036104
61186663
52092630
25650953
55702333
69419516
22066260
92124162
20644779
13382106
89387509
75356526
71447691
78973899
69477586
83517508
1757098
84468738
76000564
29036126
3575367
19902679
20946264
24215457
59195186
96115023
88522860
10223768
7669536
91440894
19140103
84745088
87393106
38904248
43635280
24096004
42491736
92738278
45078197
47520599
62509415
65706541
41464981
35345042
68982291
77969848
26667459
59818329
37838297
40490042
57360572
9116731
75266014
89080257
15393269
96881228
23467134
49520645
90721767
48411367
66355676
25992955
19826109
18487515
74014540
51752654
78456649
39919613
22247922
79636159
14401480
52896830
72885974
49891037
55118104
55022718
25317382
46408444
80148170
67753607
78463063
34688747
97614695
10694876
66661315
96449146
74605276
97823073
22960829
64609579
40163874
21167378
36721943
2783802
18297224
13423697
15624049
61101291
77685492
10306638
79161537
89286092
81686787
45128326
89598254
13219058
76769078
31903686
1298010
35865819
97054486
62726899
43355527
13635087
4788153
10294204
52835223
49356501
96551024
62947258
80888487
88572564
5897231
78887378
67431872
74293642
83033860
96050115
4196183
6216337
62105608
71937161
93029331
56569684
57453310
8152714
85865908
66569228
71380794
86956113
69987729
82875867
73485716
8810816
78913991
8367501
65963241
45283174
21695058
13571309
94227643
68934185
63371309
31023180
99783161
11571231
7209230
35733515
36691848
68589993
8005505
25311296
96584582
46626308
9555862
98067707
70882247
78800252
1164723
15234512
39914173
90041642
24631395
54168178
15127770
64721527
56606982
26616218
4942847
48501950
78977306
45740768
25147237
97466430
20199851
98631316
78074671
3893913
52863230
40537859
87623367
1814633
90806533
81664689
20414028
91831913
61017389
43447052
88842918
95249276
7279537
7096295
85496813
75176328
12448773
24785030
59810098
34813397
71790991
5545097
50709084
31363239
80669230
15470585
95749834
35263487
40511233
27271702
34532818
63505314
54375704
30302917
66852662
86201723
24489828
11758770
25502846
68451633
83097473
59264559
36392542
71472249
47908720
9487865
95742476
25188143
69090010
83902599
31392006
64394294
91323121
90386091
7541023
98390939
45865251
14968097
51313505
8859193
58306832
70598534
11611054
44867223
45851208
96534049
32884422
77713933
85304221
44558114
45781866
58279374
21446395
6323676
20125998
32654600
5381548
60160321
51342622
97845902
8688782
59099941
20401355
13565390
808818
2838385
76574342
17801550
79818954
83789725
96672270
96863894
86752490
61903726
64355605
48703514
36345764
47585780
59218139
94242699
35276090
25124356
85519802
15641522
2269318
7345961
45049470
17261573
24877773
5496029
65762713
44497414
15460076
71753428
2918383
74107981
83649331
20264707
49790602
19055110
2323945
28561313
925713
55021378
32702595
22973230
52376734
46121502
1445025
5585835
89338102
97140997
80013868
24971511
9767200
31878906
72497031
72702796
33145749
57144228
56433129
62114376
3346845
91812170
11315091
65990986
74071286
33181845
26905301
94593334
38756241
78986281
4613210
85325394
60496323
54266221
10043249
9655343
2578086
31619007
11111963
19635017
34597519
5719452
19598628
94608899
9927906
61746042
10170620
64528644
76238431
56955045
74055629
74747765
59826641
19133220
46035162
42314440
10666450
60226578
42273033
77083837
66866267
57704263
45793747
98838054
7228616
42687382
75495481
71369892
51043442
15336389
65935770
72509629
87515030
89445789
98229495
86168462
89328963
39395010
31167922
25026301
7068799
48789937
91125760
89583798
79413614
22501479
47965748
45618180
21287300
89786315
33587500
90880394
90139439
97073793
31898944
15259941
10945530
71632015
66025680
85448120
3608028
84721684
40082880
82673852
89152238
20574649
96931826
95758200
48460043
4853292
12254130
88050608
70899764
9104708
67301543
19401330
80374477
63273747
32456481
94750232
35342014
45307153
23873658
12317386
63489429
98903907
58064007
27926095
46827664
56909754
46629118
50536094
31189788
19938993
65260193
61281563
60486569
71586333
3075690
44173239
23230863
54372934
89109203
22852945
54084784
15018031
66876925
49119375
66658437
99039337
29800623
91225503
62855309
56571053
8938295
94281100
28455761
39638807
56523946
30469001
92534257
59417180
14218941
27949715
76775902
91446485
80269021
45475040
66665915
4185468
30045572
51564214
71668026
48274724
15239769
84615718
14783710
38395976
1591263
76169334
78408337
26662535
92795237
64827398
87426451
30416610
57450940
9408889
91430308
53892944
6990383
56097546
77055810
26983168
38001349
56587352
98442308
89197815
75379472
51390704
85748347
29049781
61704423
31625510
77097841
96526378
24889409
13127565
60028416
71668372
46347925
29997644
31379342
16596904
50634125
66207937
63441329
86351335
10749008
17448940
25070428
43285710
30567913
95295949
1856242
73952483
97237346
45998698
29716512
48181979
99609028
34165028
37679714
95044364
20302415
22524437
31292024
40499545
24793290
73916744
59976061
35062432
73653310
86786991
46100826
29132928
9225980
99667481
92132926
41204334
4166556
67493058
75406147
70589505
6693679
16212950
77996609
9833186
35120694
80605100
41625059
80094246
21093492
75053688
90178153
32782154
27628905
39045356
1974213
81777945
68677632
33688048
94495134
7444728
90870712
26641409
94753250
13032366
45924525
70294193
22146027
29492866
16440905
14063984
86830624
20376675
244204
92503595
44976290
18333891
8856268
32856505
49967048
41830844
94906135
57876609
55917517
97778899
13951722
14174245
42432416
20547392
6351000
27805875
63889002
30972550
85537470
11871895
13389991
35746747
57363367
58376481
93435961
69421479
82119485
16300022
71067567
28967091
94795207
73374149
59198538
23190306
38638270
46288492
28450783
23685566
60046314
30831583
54862115
32229632
32384910
70768873
77039565
87748170
12596707
94223611
65945294
36435091
27242090
49127309
29668261
51362137
30169120
41050992
11957582
43718712
20505413
46393872
63643816
74077489
79150493
80359549
95293228
31146885
75115520
59603238
13556040
82890576
10358038
83543163
5640308
19942548
51132111
77976855
35385103
16670184
16556478
69452506
43181524
27145545
22622239
20998367
99969043
53125702
79308884
91678825
21405521
8796266
34610205
38714165
98552519
45959279
92150557
76426629
12931999
68448353
10427374
9418019
5797241
87967314
82412872
73624290
9336796
71773971
18644926
64739972
32541296
28442145
23698139
53098441
90441520
9227038
13237574
86889362
66483051
33188496
47509341
60798793
93528834
86046770
7257952
54772701
92926100
96423571
67762239
70707695
4591909
85140946
99099950
42726604
80498277
51200348
81728808
48474336
60371498
58456607
13192989
82273407
29596626
3027210
58056298
10181408
29395164
99011691
74230679
73293323
63487357
1017940
24961579
15716320
36686894
22764629
48000438
3308652
87804557
10322686
55821410
29844845
43807262
10964506
80735907
31914177
24069636
78424872
1910099
80562550
80302411
32649109
23774551
60372703
55236083
18192655
41663891
5646021
93265322
28603419
45189128
3557256
77481304
42707129
3370731
48541455
61418776
73251747
53059682
60077642
14755181
55311972
17750903
10601822
38283687
46884813
55388642
78226640
925385
1074091
47056477
84020051
80431014
73809144
54060295
73081894
20457550
49360810
24547114
6448977
26367534
92516611
73505188
24470560
66284987
17183196
30849424
51845603
3260070
75528316
1410619
80405743
78044006
11113928
13418805
36788750
14319742
99791248
75588945
94112493
34275446
21616812
18281400
33923837
44266365
16146867
4499702
46744588
10502065
96926713
26876819
996465
16140443
49581582
19078272
34924503
26930390
55945262
6904854
79123081
55507397
32425721
18454048
41630624
85735155
43013885
32629564
40311632
36373741
19827560
16405174
18930341
67526651
45270154
17603616
22538402
98371387
15956626
90986712
55519089
57472764
96290061
82987523
9803625
99517287
87025565
27287854
86998004
76820524
74486686
87389401
4676044
59542063
45640535
64707697
75187790
97954462
95796865
36015789
88869885
11589311
65417423
68920725
50174261
14661086
83900543
51776172
36836060
69060083
74558082
35146661
16310769
47297293
28148605
41969742
58766407
94205351
83729798
86767298
38425536
25562752
82124797
34248715
15583771
77396476
68840718
40474376
83144357
82401668
29110332
23345893
62998231
14953348
84455150
67106367
77770740
9269318
87063904
30449613
7602909
94253352
17963061
23536754
65417681
67988596
84073113
1521086
39827115
12644823
68476369
14874870
48051171
58872465
94223751
82399251
9115851
7681798
46867679
9493842
26157674
19391080
54849810
82530257
37862229
63281993
9627218
86680166
47551882
26861983
78981432
10948865
11276697
9130966
31960308
99756065
28199303
38804078
26563504
13403943
45313945
33961960
38098288
80904823
86079822
42686511
26049643
3639802
38793806
65342714
13371652
46738133
17530220
77271686
19790920
21672309
83205270
44818734
77789909
24865493
29122945
22217854
43892349
74380973
95854887
8753937
3269092
41670125
84129689
73816356
33533855
77530434
11472256
42757315
32627517
64533797
9254123
4599273
89391207
4451399
37356673
95078263
20314311
13241589
75690399
11307422
20579246
89616690
39175773
44125378
2462661
74917569
68779617
13089295
23128523
48052524
60237687
25194235
47309870
57411672
85843919
36607622
40672947
30664440
31588426
92887035
72438776
9823088
35941468
816255
23419300
52417091
25449709
13234299
86733463
5803238
6153098
21823199
91628927
2168337
31397649
60728775
58271730
43449479
27604249
8145767
34390249
86305182
22664128
47622254
81827036
75822390
30852179
67819206
8546584
66188698
2400871
70359565
34391927
78237538
96910441
73617985
41503577
62491863
78533290
41408834
49854422
13546155
25625533
70788361
16901012
91873321
43184684
67952937
32787054
26571606
5501551
97768764
61390705
30549339
24029566
90154403
6607401
2794606
82492700
87579469
4023109
26173907
34463355
89999720
51818586
77619256
6499543
13303885
79390244
20834119
84537672
6363047
16389324
11619528
52762797
5170260
80885019
38186096
92869895
17023467
32193570
26787311
99420117
98305577
72651316
43407560
1616820
53310403
33159241
2725784
32412571
47040577
7885687
23084676
39701253
42646642
48426942
714151
65638367
13262321
74387422
67542247
20207595
98295177
99763998
87033279
84534887
42297222
15039832
52645845
86775811
83826956
96106459
36250263
28960993
41802130
60064666
64408164
82472088
84278236
79801905
41153171
94941104
17944632
42326977
46998886
51430745
21574135
36791259
51572027
27263639
2405619
19018780
60437593
90117977
10923473
61222117
83307316
95456104
36358790
92784635
3755739
90583910
48719828
92054102
21386786
57561921
32955464
10127782
49777104
98279367
88557591
84073351
6940583
18302693
92488117
34975214
67631161
35460115
77228663
20397412
64799862
51241676
5847715
74866094
87656593
38957247
40580056
52383808
25461873
63166732
56012059
42744733
29172410
89892109
37026556
62570375
72799173
25832991
78990071
34112998
72086086
36680769
99851663
21497740
97789201
32923933
22849028
36062309
67015778
68344235
8257997
63389369
91176993
59948525
86431842
96962488
25115293
86646555
87110358
79556219
33353392
34912451
20018112
1466420
89127117
99679108
5358887
36089043
41106527
10659162
54713503
74842408
47331788
9068061
7901099
29835196
61405330
17686096
14999194
73029879
91882307
6076713
11778538
57673287
34036214
69631178
85542084
31139627
71928894
70832577
88530718
21386274
15516980
83423313
74381122
94939810
82317354
52661667
39930241
30538731
21932455
4277521
18768709
35801623
45023459
61204588
87338201
32324758
1787353
25710961
6548134
56507920
61170829
40462654
99698941
32686256
6219216
35407204
50454222
2123009
88113295
68979137
12344945
25240444
72437842
47390212
13733568
87641248
80577570
530565
37763436
46087532
74112105
53084548
52756351
18170482
12139110
48274208
73495312
83615363
18698283
34843843
34782918
24345411
77726360
99352661
48752002
76321647
39876499
61726676
62778216
80324737
10923777
3528887
90490715
56552757
40365907
40477725
59787619
83743792
26903331
38237881
79892820
38498455
93088879
93863026
89012271
53360909
27722780
59837359
93932208
87035617
60244949
71474571
11503612
8625607
50801159
6772684
43269401
54086451
36499541
58492594
46799372
14539644
84955044
42748855
141916
84129194
37193189
57116794
27254595
81178061
95508545
98586259
82468978
48703966
90663685
90989485
37056795
31021156
90372812
84313018
47467761
32631694
1170016
5028834
65369494
11675217
22638378
71948531
91632440
58773055
69940628
55740538
92510484
91003048
10411356
80409738
60251477
14843568
41968484
36199094
88486308
89242425
87299255
2131955
7743421
73580061
48637626
94399020
39463660
64713
19198509
3716720
77152626
22477727
24027200
1887452
21652319
45228493
74548157
4255545
97216127
74452667
2882094
72514270
58791278
75037902
61431415
64800134
48581505
91268634
13590998
62973523
26763238
52759675
25581842
11207432
6650330
57211135
80806361
66445279
89808087
18470153
57880262
25855716
37686722
8110477
42769269
85346256
20177753
66097021
94365439
7406967
54982946
46898342
78414100
56139696
35473002
66523144
16350029
12238808
88482938
44083706
35968569
42031964
51600992
3549052
80643627
94175571
6967082
7111081
38747016
18257290
43346620
20327634
91448988
2922914
58021345
27697047
76942191
73809697
41805315
10925278
93406790
63777717
81795161
57190993
80308535
4330832
98060064
49338894
22519159
15376940
44608101
46406013
33639162
59662458
77302086
9827651
38181630
24889031
54892293
87832
17375911
64788684
44925146
83560866
17789801
18378377
56735999
93923078
16120533
63448520
58591309
1695333
39655200
1336033
16074647
75732373
92010571
90237171
43513939
8116601
47160873
18054462
30949200
28847990
87992646
71765214
41854901
771780
46292184
55385521
94633494
89514991
65330170
81441542
87919290
1376997
99563472
71853561
20214829
64282552
88284209
85489654
70892201
43683565
82745324
31537488
88347646
43884617
77085637
26255517
43411086
19517459
17302859
60263533
7930260
92894321
7125685
29413210
39066687
36020547
25423571
49293908
37936925
34646414
36960128
97809827
55153711
77929782
77168627
54773384
83218019
54460008
25801794
76471659
41062105
19773302
79734251
48439121
19671223
60900322
53274689
97646754
1929667
39518681
72385118
51695521
47926934
40954142
50372147
67240911
64833648
16595772
12263837
35665963
53961496
76626417
1436448
4592721
37077544
60176666
39964585
27407325
38309518
8875131
1905928
4249806
63831471
63320649
51507513
47223945
60035938
4391062
55195977
41436775
80651777
86836043
79220040
30149911
36306524
86814321
91339966
99773088
38170372
8730565
21010415
85939618
87851182
44539101
31065212
59224647
34916666
22368573
46618937
25691001
78223834
75151685
53918758
98956807
25444274
55564046
17789915
20484297
89920590
16518240
54519558
65405319
95743185
30116096
23501234
18015234
7693745
90469104
12885891
6950635
82269788
68008594
39766541
35424515
61626529
71374429
47974330
12455365
43674243
28548474
90675379
38189391
28187840
84814773
55532297
24474227
44074671
74245468
4124019
74380774
55321082
52647881
8265799
9978530
47887231
22764937
42361602
61246667
38482173
18228436
8920013
19867682
67230718
6455655
71573070
77999431
42924130
76140069
23240654
3132392
17000666
31777530
28880523
68901069
98951955
21562376
25400611
50673434
54076164
62687416
74608960
96309277
1938311
32927986
17190442
97185955
18830171
79379239
19683540
25127851
87720485
22161619
78218314
14965367
74979765
20371160
72089402
36895103
44749115
90043241
51773745
75931737
64876129
43490932
44045830
73979704
20855654
59897970
31484723
93944806
35812593
9620548
28929956
69793305
39615444
4946253
62364651
80142218
1461907
54227005
3654066
30633149
614597
54173068
23126988
10252563
34677652
99650946
4903460
14023041
982808
21897891
88990500
26280797
65632768
51968332
64386101
74434555
4999441
46091750
64824203
14557595
21171202
56565242
72618314
48427139
91946474
93396068
4599628
12081481
35755713
3457428
93003490
56994318
50636648
82458510
27209037
7788616
60781828
56980313
23922913
16786004
33243680
66102444
78779588
85704988
36050803
65335397
64433368
11831224
29316049
64599774
3941667
62092777
78793497
94125934
37013825
71686854
65693201
19225313
76413840
48262151
59394022
36613953
99930288
183296
83637478
11483195
53525937
4032051
89200921
5393907
46638020
8720944
56271922
89655201
46416053
62822571
95681676
53539306
72418548
99532166
57792298
16195301
70165542
59634402
49187118
84491681
55953173
66156584
41172175
43159257
47388528
78405246
30241252
68667765
27392837
44225295
80582604
20459556
72443834
31333352
20412833
58586763
68263118
87572958
50395088
23182010
53136640
27606274
33972508
73587797
56358725
55804940
85196802
27911717
39888796
83584463
77198964
18572352
88616353
83686555
99816382
13592667
87258994
93617543
99039517
10730067
87889268
89994677
98152974
61448714
2230716
44339216
56738275
82978334
37176139
17872729
38017323
42781776
13212497
3831089
19198408
11900555
71792934
31732413
35318403
64456321
13746216
3078574
1286844
67424759
65083936
31913589
64228948
63010708
23321301
12800254
30894648
97207104
78898340
80162475
4929252
41128142
8821763
35022150
76110862
24594581
83520675
62868780
40029283
71528278
42679638
19395028
4684532
93189493
70703895
37514878
40904380
63228031
50196931
15518528
14159197
59600311
28401734
20627345
52527682
30037556
62172657
42681418
65389560
60330627
76560863
53992184
54831382
6645905
7411120
73698259
76446338
43351166
20369266
38011443
63218410
85034374
26708573
47516165
80622963
65781222
50622220
98273173
23474777
32248845
56089307
47739515
22995274
60576457
37214499
1546316
7274905
93323402
611178
91555022
85675416
32050258
58649927
70243394
77769269
6533290
92137412
65368693
93136921
44858944
66526137
5841451
55198063
59114582
86521952
98233855
64910238
76939092
66083209
82041329
91742138
15016012
79595000
91582779
36013075
8765409
71304540
86303536
7965043
23349216
17169959
16753922
63678741
74110124
78896846
72334543
50630100
4774147
60559596
42813069
97055900
67341568
91969888
9736811
44527815
32010164
27277160
56488772
39445542
18701852
11398306
53309717
56818330
16625400
45912652
6553052
63930056
32281727
15212478
74239093
59183734
99664450
63873095
40054827
20016692
52508650
94100601
8553849
37426
58060360
55658360
80307679
54816359
59042783
30803769
42214312
40662007
65463727
73846236
21548737
63415879
15393388
36056481
20538029
63736942
61747281
90568099
55222269
91444539
31641111
97098065
47536780
13333503
8909186
65404508
82069241
30348118
48378117
32017922
84491408
91179105
7782609
23558380
21691374
56611653
18597673
56619590
8077241
24224025
20771150
94059917
81969646
12279036
72748315
81501521
38791757
78592455
27735270
32143152
78645756
86619434
53042575
8620039
42343915
21030249
88999321
20198690
46348394
98850373
22265802
40445130
42141954
10978098
79191471
6613550
60514897
72222082
20361958
90559916
55568143
6036125
3773852
27758402
33134279
16734733
27468498
79992420
79300914
81299537
48614484
45421143
56237740
12272834
67838685
22910851
62177382
37536714
86739083
42148799
96153313
29498837
1492767
65195409
57579716
67342956
25438328
90503169
97215447
1144595
44398447
94645356
90474055
48748670
7651592
64188977
5390703
26545666
21290733
89389963
58204918
79987336
25612557
53374032
97138412
64086137
38194820
17461640
60235323
31242003
20904880
55506528
80729394
35057883
46901977
27876502
91268223
76647845
43639486
77556589
65121384
24027809
91649288
83040872
32204556
91276292
57394382
70840334
95627547
83422842
61280141
73482505
14731124
32698336
26188376
60112693
34575313
98008534
81070027
52715094
86493407
34629001
87107766
84304748
29674272
88656886
95082345
68467296
30379828
54189774
45682633
2887150
55921460
20026124
82684540
64384982
66164104
23065449
94565109
72295798
12187589
49327208
31684046
1746081
54638650
44739457
32001831
78990472
28806969
48073380
2162739
60810691
20395046
85615093
16735882
82647442
40743752
76773847
69545340
20440160
35609501
53833066
62801977
78629073
15161265
72257180
33301666
16452907
76665887
11616873
34510162
51097489
44053225
25480685
63875129
85430068
37954217
5230280
96266718
9620512
67953654
1481904
24903861
67473537
74828200
62465566
98714961
38364460
96930015
68656501
22553943
80287347
83733629
65548540
19749687
65771664
28721218
84916071
69349986
25965621
41372326
28797676
67544250
61670942
71271910
27544331
20926818
56735179
31804226
50617575
56207023
15504465
60090423
43625582
89406287
79176055
97049740
74824318
2398709
99678189
47146682
87549292
25582503
90948880
53768978
49532755
29077673
96017441
11139384
93761904
88396305
5664275
60719462
5127185
77842715
69240055
5746459
67556631
511247
83125901
17106106
43005806
55315012
8077181
33223836
5701290
65113169
81378060
48372309
50492339
86233826
88999180
3297767
51861848
9420775
40264802
20265021
248215
32605047
97618841
9290842
20555180
2559189
7895984
87450351
69262196
91613398
26121828
2357181
39080255
26040174
3897447
80838080
93880079
55631698
26902597
52084245
56881864
76676392
87794445
39042034
92516578
14742370
61004638
85992559
51988751
74917892
40906299
7827677
85338638
56305865
15513731
37417209
92733344
7542726
68131787
81747303
77812845
7717912
34147105
65448213
19524017
57217239
98299244
20295271
52171645
46426125
13643204
46043215
71964045
65459209
5936604
40703781
76067491
24805800
74696446
4061855
42135998
17741406
50900010
55169850
27575242
85951602
41409456
61034619
63535039
91175892
98695891
11650958
88943906
80907328
16858438
31044754
82149735
48842367
82243292
16721395
25080247
70102746
54998595
24745671
83440295
91905609
20231849
38662377
44209425
71030966
9641840
38552708
96745799
11281301
27041080
73833172
75232639
53104014
68081346
97736144
25953711
54356547
24637488
34698847
53186365
8600232
81744348
47357896
66364114
25198341
74891080
76953408
94168269
44010456
10544266
84103295
77230868
4339090
68818352
78802965
25666485
47032732
12049066
27728842
44278214
77155596
45728752
86498803
6469369
89521655
3310982
98290049
31482906
69948797
7077124
52541136
51523961
94316069
11846330
50275769
13841412
81238737
40480833
15897055
79634580
89849981
12683002
61091988
84450417
7688537
78574891
99623939
33743812
4470367
88670796
13518782
61515957
43056292
69192010
3615866
48421684
70523038
26327499
25789621
12453554
65711489
4095861
22056383
79124567
96573533
97032796
62660857
68863792
59106570
99054584
16788498
27488637
44761409
33217554
64391741
44804209
70588065
45477464
54165871
97064425
92205535
40828544
6036924
70859114
73655475
61191783
50851395
95190554
92966617
38164942
24440673
118932
67551684
20248059
86892320
49239019
82403458
56425379
50044923
80187802
9969551
80617326
51747015
36114412
46062675
80357079
26294534
8009569
44737696
51523557
80774617
82562757
10880666
32706640
16459195
69535007
78130094
46275138
92646377
45088855
87416876
88522893
6060094
44781304
57333248
14409104
36352488
13744937
53281743
90846439
23180508
37450034
11783167
26070230
69772708
60901976
55330977
5722967
71753896
21924821
85551447
46623583
77251456
70410552
57474304
2838976
59434874
10987332
43945532
5151891
16416536
80721180
36250041
75002254
96005388
85232526
52449474
73688723
31990071
17219517
39338070
17840506
51927277
84755034
35309805
43229466
12220206
92861473
5093958
73182911
26846333
86753335
15131263
43182507
48126309
64705995
97503862
67739044
31691709
28402274
41269081
81615780
14732617
73962948
45559887
39359969
74840878
36461394
59233511
97117951
60365880
17458497
7553969
30833776
79904922
31172440
55114778
18558689
20017289
27694174
79906028
69994623
2717021
64044891
73497218
59904356
56349300
29405408
75756263
45616685
40529864
42357548
20257827
68331930
58186102
60224459
11815062
14841559
82502604
655777
12492983
41477004
41083537
88420857
14243666
71718902
90858243
80385726
68846789
55000930
23818474
99153778
6206652
38347254
37948441
95630131
7887767
18536784
1763270
60506259
24250618
1823509
25048037
17181421
77177142
37147042
66153345
76823166
30701695
46856085
8978600
44302022
790744
39345991
7343761
853208
52890931
55190325
67489825
65052854
24030800
53893375
8122908
39151048
61270110
85393132
61746353
59218792
1386211
55134073
72487215
72033214
86569651
60328133
5192029
57299749
25918647
25543146
69155226
58409688
32040066
1127088
58599449
9346732
39171181
95374683
25883534
35523863
77353295
63903333
3239128
3148261
13757915
5197888
81665501
96478314
60672130
66699547
91848243
4853563
34238665
8115064
68077346
28099126
44772436
12583837
19374784
70977163
60499453
94062517
61303630
30007260
99231251
86126440
71202110
14055528
33238067
78778652
24930383
97647888
37749759
68399072
53756735
40621408
9520462
86211934
25982844
48130808
3007363
17408798
8038154
29607769
64766280
77414778
2928075
17373357
87802415
63434397
68825276
10768332
87640828
80533446
26517908
32119215
44866796
11185694
9378307
83293686
43464402
44779584
47944351
4273225
48164666
32283940
39209658
25564589
19891532
52677893
95270956
61597346
52405300
57031367
61916608
33389822
64801839
20680724
28471330
55989587
37583780
46642742
13305196
29008596
57476537
32212945
33489932
35164517
13534892
1419075
54345866
33517110
24346033
74782695
84885329
50664078
64841603
67826567
68197211
50095174
98434660
45921257
50527690
91376552
99975161
33161270
61928693
74142794
37699566
34379711
15670770
74799363
85946645
99044015
73621839
93243002
6712718
77270163
23819481
16743032
2175022
67087701
31891979
5322754
13736864
95539006
22320964
59922489
45574178
71111611
8856423
78509726
57607317
24509339
5940525
62334404
63796658
61680831
97353022
78971642
51200161
96589016
74816560
83350690
46815422
77800099
1565259
63247914
71855285
99602915
53699815
28713061
4256389
23831893
38860339
51497906
44033604
15803553
53356082
12664330
58061413
45926921
88523193
81934805
14335740
66382565
55363445
55441042
20351011
78540414
19635174
36954734
70074361
54602519
63361708
30905714
65325529
46388975
76610643
94710141
27359806
44785457
48609870
72056973
83039903
48859853
76294204
80155456
25907334
78916603
47367881
38917110
20435682
50261381
99661211
32100449
44478518
47549744
58559049
53784164
69451132
64843083
85963595
17035288
99786393
43719606
24973303
40005933
32122446
97202525
71938074
41918173
8450349
25345399
46133702
33328403
91914956
44169796
60565825
64520444
76105268
89720229
32198580
65802631
48634037
32720051
61838584
32783438
15132802
1583728
29004051
25768955
77903788
99041024
38853151
29269820
87763804
94750550
20605670
48570814
24786014
42671962
96713267
24995364
92511829
25597540
33445859
35474079
16245227
52032185
85822167
78299462
97388005
87977385
92503189
3349450
27111884
76129782
88680902
82300546
68611079
95053008
79043667
19292419
3197099
16966987
59994926
82992064
58277596
74863085
76282861
85920049
2071291
7512854
31539890
29776842
60740685
17919606
83234606
42610668
35649026
15134660
67303198
39940203
25505171
68003639
11647733
6828330
20809367
2564832
42910838
25574806
66928335
46673764
43704244
7952224
87544682
50018726
5432412
40307678
43434147
34088471
2985241
35771703
75555415
91746160
79283018
62307127
84613674
72156186
6587443
80540422
19368379
8861226
19480327
3288093
7556400
88499050
18786113
77904076
91354695
5806439
82690865
63571619
65503843
78744609
69324205
56092870
63760330
21669434
89687214
94760660
33461175
25885661
61012120
1650058
40618424
65658631
10319127
55423275
51813173
87688156
29481118
33993839
63264998
32279608
13702926
15832633
63800220
41321341
52446441
5580744
54959126
67589072
75635695
18104866
9734032
80715571
76056750
43761204
3787746
61144058
42647115
98292262
95362460
96147702
42843008
96623049
43028730
57511079
53476330
65453930
32585754
613508
24888262
93406088
3063091
99722053
85387895
98452735
21140672
91573022
24587467
89790182
90699872
22465491
82374460
99607340
46878334
40119046
26863232
16957230
57376334
79749005
43308461
48718546
49689411
31598848
88696600
34690484
73403450
83511758
38120104
55159516
11381903
3163338
89361519
71918589
70862840
17021816
50291174
24567270
98497319
87919116
48940502
79201081
1285058
56337285
44507125
55121583
90490663
3835170
9226304
36517994
63931824
90651837
21682629
24249944
54905386
24752687
35501037
44593031
40693758
59851096
43036368
18041926
75094235
43951220
54279869
87784964
63353753
56911806
19106527
97464330
12962596
83020937
62234889
28031781
83627650
48495225
14794348
71125156
92232639
60242797
47544698
72129026
65122908
38561799
48008053
25631771
81092741
63355003
21130273
54188749
75747077
8286452
17500050
8751559
90912006
10763899
83165650
42071413
12463386
21382345
17998730
42106159
35397756
74974499
44339532
51959464
97891877
8215990
94521560
54745671
33960991
45182574
98108231
95747867
40035694
65721150
86628051
94133597
19327087
62711033
20457119
34655531
10844253
48801491
11335776
23714017
61576694
28364303
76017398
26028945
87315548
74511256
5679116
65621327
22568987
85850442
88089647
87173107
95533767
67306886
50894135
51553875
14799180
92195176
66064692
73041906
32783450
37500682
7323199
9050741
70377997
29558372
43247978
27219410
81985643
14445684
89275525
87947337
18983648
1835634
15311638
82402237
65440800
2523605
83760721
63365590
70343121
42612666
10509890
3716102
27947543
68631337
41590941
16704445
40245997
5606859
87293164
62849426
65032748
28621066
30262932
8103965
94886161
63055580
78107386
14174942
16409482
47229300
15380943
89999886
5119727
26137929
27745234
27610473
15838240
82443918
72846382
6952032
8976007
60667213
2212631
27911689
37263127
57757534
58861451
56296226
96100137
11206844
7343465
82538781
35751114
34832476
80210861
20352573
33788084
9908784
35792758
50903943
21330736
69811575
9443229
12844307
39866204
24171289
28081354
87728438
40180448
47260630
36327591
41656949
66616777
94960514
68066578
29379625
31546606
91435331
99033855
21891405
72314152
66093086
30602409
17226712
87642684
48635767
27303021
38251458
67140130
45885962
73263414
12562831
24248608
70549667
27978372
11679426
16611959
2103126
87720042
19852634
30991874
84729723
81399102
13296235
50086907
38476162
17779422
36885996
96127633
26364385
20312619
15954239
61634978
83362062
95266198
38551742
46763299
36975953
59012132
81102774
9547274
31159627
27760194
16312274
2226257
75070615
18793873
16549484
8807162
15571302
13340544
84508995
78124482
51063767
99364362
87071348
49189018
28218338
11207302
83589130
34369618
47118014
14178403
62233156
20075132
95585919
50174656
40931004
29875261
42538461
75923053
65968820
1257703
44084565
6592370
86312430
81693776
26886404
68296184
27496187
19244402
20940424
22826367
93554681
87471805
63460290
84569151
45049137
78011176
39000060
57440804
52565655
36709904
54032656
24271289
72137833
16493868
40912795
68718244
96769499
98014334
55944589
13549362
14432627
68331089
76425687
66353363
33396229
27146284
36583499
92897218
89783282
22168558
61292883
48912449
44618336
9332860
54112427
25040153
35054562
13892654
24287596
66754382
41908821
39908369
97175072
75672560
37035530
92291036
30587573
12297813
77570961
41307811
62723286
65123948
36285791
19177443
68038558
66748770
16106625
14976753
58214167
66871751
38890723
31319587
4159644
11108613
89065684
8517156
16646991
53833785
52626399
79171749
86476895
75199395
24191095
68273335
31837670
70335118
62652731
90866825
85139448
75410422
47568220
2560614
80665969
43263373
43155593
4694240
84339221
25031979
49033294
69964948
68398824
5248045
54756852
52515197
85927588
28179527
34167570
7869371
54668196
40114137
55501813
79335563
18024649
10525985
19645703
35238735
36835507
39925981
45985621
74590733
61280081
37249985
43507096
8092490
89479711
40577291
39146609
57322689
97493791
34790157
5508913
26215266
48944045
76971987
36037625
67846546
67280954
15847675
99578489
57574008
33135955
49028559
74352973
87608659
58456210
56366861
73860391
53062270
24082652
41201444
90813633
65723491
98273195
95519650
27570100
1315336
94957645
8122016
19908986
12588513
35389056
83906252
947002
66423450
44320527
36127007
16953877
73465826
67734516
30259996
76775916
44662116
75281009
33869006
99588752
87305215
40951891
55717234
25594778
25976028
59704327
40910494
87285374
57656327
94754928
39663704
18740496
66254915
88779478
40061160
75016994
96596041
89279298
44128859
3565666
72377383
12537482
18842257
36926864
63287203
32753618
62349467
52007078
94980401
69468540
11293284
95123587
14292186
33123056
76034661
86316952
35448870
83236083
70144934
71739490
1858838
18811853
99518082
69985391
97683828
2350860
9981910
65424345
87360915
78712753
78115398
29621490
17608964
90464892
13347024
32241303
15851570
62382938
58868597
32658375
98551889
8847416
19638145
83017970
73548169
91238788
50396121
35684872
95500844
32697914
72265552
56309308
24004105
27706647
18821573
78817538
30550378
26188144
67561491
32164791
21344159
83550250
5418935
38498977
23824424
87466092
2675323
68250307
87296602
88865317
48269722
97790249
98779150
44811544
89653298
95344629
56974946
90263347
39330281
13868724
3210308
72254224
74285886
51200942
84864808
37192303
17407260
30127394
93777573
19198979
37550374
76430390
96262403
43224707
77257911
87391437
33761772
36502832
71446510
19644187
73214631
2496800
46775413
59258253
74442117
79217429
16296886
34461590
75021050
95894749
33602050
91664612
26420741
51850959
94503277
29504676
77981956
49565174
96045476
54749306
1328345
81152938
47586730
88090472
41640855
65184870
35861174
51596831
31509808
14085321
99914512
15447226
99698976
97787470
3319364
86835398
93377738
73437447
88957601
63211985
92750548
4627524
20383810
77653588
16108989
12339756
78515664
86899482
46958341
80002029
50833059
88478590
69111080
80777486
26105136
5498274
76153400
79557836
74367198
4855504
64327759
69867251
18909645
89414946
67571911
19061983
41253597
36372212
73005378
81210854
30784159
93428589
99482625
2250375
79895203
671682
48019823
90036657
43398065
77419626
28164500
10288898
11865151
22076564
30796427
10954826
49379824
21472763
2010841
44358401
5775787
51187868
87384811
9632702
91925974
58709951
39139984
6891099
59238394
52993374
9082397
10988913
58895810
80453550
17521742
63742785
17497474
22360561
31887169
46020711
53710655
59232294
69170279
48531078
42510691
85186724
7815688
36450600
18843244
3497217
56746132
14629400
30567582
64573640
70780873
42928953
92664592
84141547
85473203
48449228
40683766
31344282
43251385
70870310
60988376
94665233
91304366
21109986
50383124
64403704
28605531
48354689
17605958
86658644
67365698
74665334
83793105
55536989
32652961
97049767
98833687
9338997
34356188
66292661
54427004
91511501
67892755
43500490
27289083
90974782
65314918
92047440
18592170
9808165
93845389
67061145
40541089
6288061
36210571
9063054
59757183
29599264
25458222
4565868
97961961
8902084
83183729
48997384
34664532
95509408
38686034
21552548
86026336
49426347
8606934
90303352
57291624
16266729
57279718
7941212
56115348
2552485
21163327
68313108
53694858
67040511
62384302
60663727
76405476
52733074
2268490
37652152
98789597
41917133
8621427
50015570
73503330
78453522
4439273
11476811
90405648
60175567
49179178
87206739
71238558
30049463
27538241
9626926
88507829
12889417
17612492
38042678
27854159
15627574
72305413
50264399
47410554
56141433
82983094
13542197
3265678
46911921
54696000
27290857
6383424
25239020
54473640
35210856
46904275
34690582
10874915
25326185
32911970
71274716
67251110
50267360
87604304
1114333
77104533
57472918
94115427
61957214
77048212
10438084
49909005
23250510
79697068
6481430
10596275
28980531
69718938
63921340
87605586
29868510
45771524
3917181
71252543
39477221
87969078
28815923
77524981
48526894
20408193
63231607
47976464
20496167
5575947
85998354
78387823
49441493
4438504
14535903
35659513
28758102
81128016
73436944
19083358
86711367
83166069
20416364
80584401
48436417
79053200
19392668
75395585
6192305
75680625
1199387
34006386
82158241
99594596
63265875
90017841
28695611
17396370
81454508
6624161
33056467
59922846
11487261
6092023
37532733
37695075
39545317
6145370
83240063
17080409
61980284
73451543
13020526
86026009
81456185
10852434
21836505
52214695
87859631
50992918
84490469
85540859
86634922
52254367
6069597
16873490
89817249
7783532
68479021
70699780
24764796
16852334
42380155
35876936
85796460
51832762
21055422
38968560
68982894
11389028
691470
36032624
55401777
68962332
54987163
32857446
95558341
85310564
63180096
61572462
98966395
95464834
55805580
26500793
92425356
68718469
94049232
93482938
91585806
6325974
87684496
28689516
68760221
74181487
83609844
23153771
92890146
9575585
19668084
25177505
75436041
65100629
92211867
37469306
49260110
22509441
21373869
17146671
55262700
84945982
90332140
85063261
30333381
9521178
79720532
57508384
24855305
14241096
23729823
77788887
70923885
96831718
83881423
97377729
53196991
18762080
78054399
6999327
12553839
45206971
22056283
52352766
38894881
34961036
53069046
54953389
43391125
10016435
67468564
49986842
25612900
15537118
45469962
16245298
9988263
23048994
45507967
12494827
77846191
1650413
71886507
85262560
5020062
81803299
54702687
57661316
41979884
10894571
63995213
61303806
86271799
36671553
5359849
49249415
37288758
53564591
90966901
94371060
6456542
92903386
12744629
19123977
71008622
13707346
86088021
97178314
16334134
58169361
23084529
99974979
53086816
23281125
95990815
25648147
46725903
20105343
18725836
12074953
70580588
6663528
54645564
49791124
84826905
72995248
60013133
55475286
84533081
57664329
87802220
74733242
67339053
83930498
16479753
17933403
77030049
82587154
31304055
81371403
87777374
85489655
99629900
12658633
31368907
48915619
77811257
11614370
47552613
95692719
53607896
62916451
49059609
64607566
27352096
34740508
60305283
38741367
93382854
62937333
18277244
37232254
1216901
2850274
96431331
45115535
35586265
17328545
93727814
82417359
27075990
31345522
46929984
82022717
59341609
42379748
24256891
80657442
94125994
8462003
46490491
42545931
46678918
7320665
38157565
33959834
92507896
20292117
75220034
46348257
86408720
56591207
83032458
78192339
97750310
28009825
96475697
55254277
79965924
53716388
72193522
66785291
64986033
67860106
64636782
40739011
26499543
21266265
63638821
79815195
43501383
39770129
62452127
42208381
26435487
99516512
10001296
14730283
94977441
12409574
4821140
57239190
45133369
81845402
82710222
73330587
9752452
8113470
10338074
93141452
69996609
39545037
6872177
15275357
4966249
69787669
45390628
71932881
17030738
74977258
56952009
26138882
92179997
775583
22158577
99368976
87835526
11992945
96557119
51015529
40902591
83688216
44883795
26084272
41401748
63207601
71886848
27458745
92503319
60794994
56453318
36893918
22749097
40564171
36484561
10316750
29706357
43633800
29793441
33412434
27841777
29738883
80846016
54824369
95247947
1511359
1671455
43078371
52745609
8069867
35783324
1861230
76417564
52929792
80582184
28960532
67079291
81467819
98075797
63563703
89478921
81052655
93119743
80680489
73910544
56338627
62802570
63121577
65992479
55855052
67167186
39567182
53643736
51579423
9667216
47471306
96157588
84657081
96120300
75267943
9338427
74659252
31113628
50945656
89452119
57478503
34577675
30627478
61051592
38056465
90609780
19225484
97781332
63439444
4299136
92960931
65200431
24778110
3616818
83444668
32303107
32892007
66640874
83815933
1391977
40729508
17156089
43528163
62496120
67089400
19646730
96091207
60830412
49919543
19198380
55800779
47376403
77752445
69464659
27444618
58297630
50797079
21330729
11276010
90495123
13210115
76396497
67728497
16976001
32395044
30821759
97584831
69972483
27624241
31559009
71193521
50310943
39844507
47232146
66393188
97020471
20390111
37627465
51598931
80229096
73979675
77399420
76851917
82498621
1645312
94578782
96444934
80821315
87213456
21654045
72363897
65335531
84705102
81666532
85003401
55916786
55848807
12841119
31565362
15822463
47544302
29571606
89579491
29941610
65173435
59191595
65090308
72122628
67780973
51301725
98445954
18657300
80063846
13030612
58358030
30712836
85980955
44213290
33316742
84752527
44607974
50240915
14558046
59455363
68565762
21727437
92319188
53207342
47300687
29155272
37879882
26065396
4226326
6865312
21424634
10920138
7417989
13845922
73886023
8040792
64034214
30218203
95311778
42969158
7999949
95448394
998925
68139001
75179350
67685866
92041269
84160102
25472457
92852854
14194140
46436984
77141814
55464666
3817329
84553771
15258294
35465724
55682809
76237464
2309803
89892959
48954308
99120505
60714575
66272594
22459643
50576444
42906956
38858323
12977547
19171324
40909745
74666347
21256792
20010708
76692982
51498577
67038604
41432155
43781072
61623861
67601150
79074198
4628681
81050431
40981758
48890540
64281812
9676201
71775858
18992712
48389905
35751566
91595036
67107842
12498816
23988735
24758997
64184728
83040694
67827869
98701255
41079122
89414656
86708296
56650855
92203306
7252533
52060423
38016166
69460186
83062029
63275898
50923064
2752474
71003078
44044408
47717976
49439673
75191445
47179688
70808623
15545469
43602950
66076603
61474147
47882626
97752868
69510574
50154500
60311940
9412927
63819458
11279285
37986769
59953791
56133572
82573257
76073353
64509703
24037733
79418639
68692120
16499868
39448872
99008234
52980536
7747017
78457404
49777200
41269430
84356087
8264667
70609943
6654484
49201549
9486805
75941999
42973994
6406975
35733323
3798080
73898647
25441358
53467553
22727099
187249
93820589
11903702
89408192
70658402
4155903
97630939
54323029
58958427
33818787
28006072
68382016
68782908
74430149
94903511
65539584
68749857
57619308
9667346
25233788
47315876
82163108
31944118
83751031
57606620
84226750
30256403
27180121
28030803
11947790
89279728
26323599
54240459
52244165
33347146
31171735
43505839
56930961
49692402
42334975
73747033
7808510
34049574
26242607
48099860
76526663
27758480
68256747
99484871
38241489
73748366
55270397
16230730
19794439
14774066
31453026
29788441
84981824
15856374
57567290
87257203
50665655
16388031
32759845
13633960
14499233
48327902
59908676
14821739
96682464
37154239
16315609
86460640
95174627
31443112
36661993
64607339
30277088
66669704
1431206
35135689
14667089
71838530
33076661
72779662
37036567
3408187
14116141
71280753
22134432
7353851
61095333
5733507
53022370
99551823
24907698
2193900
11691641
18666463
30489471
98579708
94192715
30870789
44313849
92455586
11907815
28232126
67132241
18520235
31295752
20866719
83773692
91357682
13382819
47958808
36758661
35834841
39067168
95066242
16897505
3586103
15028329
35110133
97798354
4245918
71803386
11926911
2794935
12236526
53941097
65755369
76525608
47298623
59300629
7406546
34576593
82497970
17809478
58727199
81854570
63214468
54737624
30501321
32935079
23019249
18768680
44590109
9418286
86153045
98886259
90589934
61295845
10696190
65784386
19437914
61764598
74397074
76260825
18096501
9133947
18069509
87690240
70474585
34977640
49711328
50783063
52523600
71050106
36148624
52416331
12439988
94158728
98763049
80223279
31487776
68581360
16563468
50175124
83037935
37729965
44468379
49391522
89172107
43698528
50039117
74702653
86496540
71125390
26226370
60242993
27440925
42849089
7967888
94114531
43108226
52064696
89308049
50991713
57691988
9314831
28976584
41408318
55875238
31308705
79421631
31398458
90010438
44406371
64646218
53825900
75736774
55341156
88623715
17407209
68267122
75629535
67102904
78828690
68368327
87992264
12397626
2403484
74328932
12155758
20396384
162176
98901650
74389660
51334014
28429193
42470815
99184633
74655011
76424306
18999867
31311967
30418710
4825000
53930814
63922068
19588280
83072097
22286459
18058835
5338124
56586622
4102546
14416003
46651538
63465141
65381208
78071375
35266261
52681433
82358782
19881046
87587851
4364527
20169107
75965989
47221521
70651441
15134346
49634447
11440962
4788842
59030682
89829444
5734539
92302310
97877858
24122627
87357740
1186392
33935321
1252260
62058730
28996769
46427422
49304823
76788625
49142627
38986177
86550922
40794573
36550841
94305671
99776430
35506198
50742178
11888119
26373996
52888770
20310937
89600257
11065852
67741125
76003244
68996595
2272864
77545682
53848602
13456638
69197119
91588116
36718984
40036960
84132278
49038189
25950866
64335009
1856216
1280459
45869484
42622314
8907633
3650443
22402714
33772950
577213
44094729
42786855
11824517
3312856
57495926
68775676
1670350
59386717
26408804
6857328
32438428
86402242
16087572
14648312
51071665
37720402
89667508
47412447
77004896
64362422
27195423
3236697
5419332
68067547
70450713
10139800
76105936
47901420
49729166
40711094
65020204
44566886
31536233
68326539
63230415
28116947
80669509
28940471
38964325
41940071
14121818
398541
36598684
37407939
57029961
54946508
73442479
58010051
77305206
24819031
83043361
84845169
95288595
36230407
19977472
25383542
97897996
52548726
35207481
31728912
68692247
39762543
71582985
90131789
53293291
82983972
56306101
79730670
49216366
68286841
23490358
46473196
34886634
60618194
60277199
3485158
62914760
86481978
13727867
85556399
12987791
44090394
95151335
33146459
52024144
63069913
38303349
56220580
17540004
88953100
65790213
93483773
19995574
44025006
63920546
76614186
17816700
23660612
7490460
28168351
83526285
22831739
61474154
52026410
84011744
15628599
41338031
70841645
59447449
84432174
66667020
23591929
85474710
63545844
42544554
3228644
41346531
64250382
238707
37824280
59416076
26464778
57294458
19613900
38606650
187174
32105497
77068880
64931758
95997341
63544109
70349593
16634315
12024383
14295394
69891978
20132448
29650606
83788003
92574971
70983161
40727287
78278599
93309524
66700873
98124883
1240840
77521721
22907864
8062536
94740848
33291833
83265419
92947125
66174771
1568780
82385159
95392208
96372367
5355606
42801278
88930788
57222148
89337466
53557446
80943838
45362510
34296100
33843570
92332145
44947748
82595224
72150831
75600364
71420631
85773254
29159007
84738392
84781388
31101880
24631384
35766273
89009817
26943797
81169241
14665759
13912029
78019293
60128418
12139430
15425684
91459482
51683613
3583486
92395146
32655021
94869682
36870759
29213547
27097326
57743589
70117300
37235285
1184305
92994289
71100310
55951425
51139010
37320560
51445861
70183835
67738168
92245138
1098789
74863288
44687273
78407497
66997166
9074624
24416949
38124750
71191595
80174962
73043628
85320983
77652738
93197688
47745229
7748635
61921314
63693206
51935550
68661733
18854070
57196982
3846776
75928703
40367523
51345461
75225749
65985356
32539985
52860129
64562224
3615801
77312073
98490254
97309983
83983556
18254036
54202475
47271212
39450385
8432616
18133917
51726321
2854931
40611415
9214978
87845709
71616478
29938427
61667145
79909115
23289266
73507553
12491476
35712913
12276052
41579703
33025263
6019170
10658861
58731810
49205816
88983760
64944856
5025055
78354775
13844493
58126115
62573236
3171057
52363198
11607278
42151125
89996942
58114379
15074584
8719528
99172609
9585758
46425320
26807903
63708704
89808631
92521109
48677886
5627682
73850674
62350996
90586141
43569577
60628857
20550285
70408368
29468000
32334464
55434680
57203431
4461686
94850219
65588581
19727244
36807763
19143650
14576805
91859577
22317428
2680003
14469685
82263336
66423865
56858371
28248667
92715720
10616557
80142228
28950241
12828545
51169041
86424309
5162262
43120164
63673139
52523710
11099819
66469563
61080754
11052754
72147123
25861162
11743866
60098993
51818026
72381797
4390397
63547604
5545470
2367277
42220799
77251444
27835573
36269894
2418118
8737183
16382647
21209076
57829686
98171254
10653694
51172233
34714229
7149183
51771118
9910882
34077477
81229947
86646268
59508317
27165287
2188006
82022982
10675393
76276294
39325881
3421389
7345335
37951756
22998824
62529394
26933446
81835251
54471460
14560490
37998902
92089801
14876447
30659827
30484572
60167103
13265683
63825013
58838922
4431227
7149915
74408657
57896481
11874052
62559653
38819077
5888293
82102805
60361032
10860268
19605696
87265606
17649368
2764077
40038725
6827443
42872299
33703300
72069083
21244576
80824345
21922377
61404214
35235100
80030893
48020138
62812318
71518661
58182867
49671026
79786461
61903240
87653723
38206352
19585814
14690319
54842541
84036274
99614545
90614327
31931913
16179909
26773649
70413223
53335475
50007788
78906240
32546989
94940923
97458801
3849957
25996219
10373482
1883230
45935420
90082755
60492351
95077691
32503728
63903706
20246273
98374186
69253336
99218908
40814242
9633570
67989751
24141116
5045993
15536696
21013753
48150532
37849741
40671086
39899192
36314126
6571903
32958189
46289241
11076637
59548320
63812196
44270876
4020736
13130907
75112688
69106778
71235392
29702747
43079989
67597665
97754723
32932844
56453960
18341220
31915747
95530558
62718407
7359143
38501222
49286073
55043888
63109541
33335618
6716429
95999848
72661375
10252001
67158714
30212568
21727013
95399682
22851792
21849702
23042588
86038860
95211027
70645470
75466462
44137714
31718420
44375734
32049084
41574211
36062570
50256760
3145513
3372067
90081025
33322006
63904585
34354365
75356568
7220763
21775800
46757695
41609838
94191285
92840691
17368583
18339875
67703904
31233589
26110378
7721585
54782794
27472260
31655641
74739701
76585411
97193509
66123259
11930624
5998962
46643131
8415023
72731014
28363376
9671733
39731267
30842703
47608822
22401929
53782322
22024200
53109239
6467345
8591528
43610963
78727967
79083699
94366914
36785862
85523596
83109818
10372167
13758524
23257416
5144613
70380805
59694652
23658666
60400541
84875799
67265268
17849906
31414789
90702906
93550517
23019319
46107677
80206805
41641773
4980034
5695751
97944456
17011493
40121510
44090183
62283793
83011538
22702832
17212788
21108217
16185722
83815517
47798075
54408906
90990403
50771290
65850924
83870832
18606604
8295381
79411909
9900460
65433878
35216306
88109955
41076463
22090001
29023246
36399181
12226399
50054051
54032252
30621516
930500
48120143
10519339
7758064
75881273
73030860
6713078
4655758
71602893
55996625
19022976
94445521
71788353
53159966
30701020
3265116
189897
76165686
88089170
77605378
67054572
13670040
69260057
61151613
51079275
775097
21808463
81358413
72985522
24272951
23044100
93326418
15961670
91785943
66134272
32637695
44136974
98632406
29440584
32765602
91944680
73295559
41584435
17205832
63596746
72185659
30798954
77821771
50677606
10993988
75160757
97313403
52634166
40220146
74464506
1316406
81088424
91652104
7232531
17096907
64962043
57663229
32563758
26007654
37242200
92791856
16131085
58850645
88127126
41665446
32030875
86008053
80036094
30571728
811832
10829309
12914121
89680865
29864084
22321147
79753638
44402754
6170530
89467729
68177162
93925173
12431899
9476570
78664500
35163459
61752598
60653896
67725209
4253639
83944492
23957634
80748660
65220181
63916152
59550437
85379612
52339960
13471350
76721071
65487391
12351612
85605041
90413903
19688382
67055036
24606340
98985691
52498288
38934404
45645232
37126654
9219855
30619095
41643499
66865644
91100589
78734534
59637621
7655070
7000065
91330173
68373292
63309179
21813283
45132360
99625937
66394684
61625740
58963707
28165604
71022168
39207945
31521625
69649150
80343424
30572319
46655666
26762823
73037863
75094353
44397417
40107235
65120348
23250585
28495909
29577689
35307876
6569379
12817022
45468909
17866382
17582562
74212345
88481453
57296387
17271419
14628710
16965766
74028516
36625071
60396530
25596662
34653543
75109525
94113821
95225221
31680574
85832771
55067119
3486662
56781712
88339604
39891270
82059621
67372992
15120503
52605991
23950299
62385626
16162659
16174596
48571217
82487014
60486970
63080472
50041281
10413830
70091762
71723111
20929746
64005545
84532941
10385820
42545118
97643309
9184647
80824639
6406247
4154842
48227113
86548904
3079712
98934198
20527296
8456393
82455721
24547761
32724965
21416242
2660590
31864735
77952949
22978
60165043
20106443
34302469
84278291
58445053
63415697
31510208
5365827
12566773
6141099
64498350
96300047
43074203
39697536
15118814
39914033
1308968
29714055
89288452
21023046
59446949
50628887
49130741
13023793
69785791
29681868
27876915
72750504
56690797
42253049
96656713
84311456
92633473
3487052
4077797
76252569
10542009
97262627
58244481
29484029
75334830
26131129
28656522
23004354
44611008
81126755
93068645
48616936
59298518
63396343
61385360
82901425
77252613
53342717
95398587
22263265
63838471
40208472
97017592
52578188
81806981
27039847
90706621
68625312
93001133
57132839
33752495
39545207
15299762
43088639
98990460
94912198
88969967
62813588
84087748
32592501
38313332
44693595
10653413
24680010
3084766
73046745
99113799
87666169
96734589
90606035
61283744
43973233
86409112
87044786
25475760
7658895
18418637
71968793
89142669
23404625
26570881
98546783
47379787
61491608
7816656
39464603
52418763
36126603
6591104
18736385
39680189
68223501
19974299
65636322
27391240
806448
15923539
84873638
13893535
68229219
16181827
77243267
43025573
88257167
22518603
58003616
13164905
1633251
11027864
3852202
62109366
76780342
29909694
75714534
50218873
8065220
20149576
13499446
43857986
71435322
93804529
91105515
19508032
81068220
44979399
40940200
42090342
51354161
18890534
19275041
1557796
19423837
45536230
26008274
74026787
17744318
58239704
95177310
37336685
99014076
22448670
89217212
909009
23659883
1662214
37436940
63684105
45858590
49173185
3339040
79226316
18252285
95714899
33081029
56123964
77436978
31189855
50516290
20688635
33275731
37821860
50577603
1558818
4468753
62265163
26714027
83135198
42202422
97502373
25177142
69507656
74973841
76464338
29000123
67377925
40733478
78768817
5210574
12409023
86499917
73199548
14489001
77639065
7499996
48135381
67463399
13538641
67000641
71505943
1888824
23362012
41832337
7839163
36061936
33326820
53425525
11509454
10170302
79903575
86673682
79947185
39288825
87485860
36390939
90268317
9574804
82835888
11781433
36294446
8289460
65865195
4245886
65650858
2920478
28090411
46868928
24715228
61099541
96872223
44070809
11689161
97531465
52231864
10550817
34187834
87366732
97220549
93751960
70447237
22441264
20879054
60606981
59706260
46682269
12580893
55128017
68588548
44546357
88466304
5552672
15922960
45608260
7135310
35381684
14976230
8727461
36914775
42129550
81212
41139472
96616889
58306914
93411650
23368084
38435676
83632958
8186588
82721709
54791137
75898869
38256976
73487521
71520772
90102979
92951622
74607068
79980897
36241469
60441147
66268584
87853281
21704936
52582717
68030416
18750833
61287852
82302048
82945996
6561739
70694560
23099514
5248097
90080755
75489964
90830816
42122499
86783218
21226391
70635997
74362564
30645314
85101430
128067
2539123
42270422
98116628
72717126
72044280
44771645
16371777
38108944
45868965
50515193
21534831
59632383
63171533
16219293
93895955
36526666
50457254
41309594
90378536
42987710
86132083
61218623
86670973
22567261
43345516
96040049
13841806
87606694
40829874
12403805
92487668
58150998
91607499
38720637
14934907
12813537
72447702
62103145
53591426
81057102
5655347
10136984
16706875
7890714
80208917
50667633
90840503
20612157
99563981
58948459
29443605
28777499
22939420
67549079
99047290
19425328
85887269
92830479
60195772
86505472
39456604
65203281
2497361
33190776
48705151
9252838
81388661
2095570
47582872
19538656
68771845
26343190
23153408
79067072
84791503
35959151
88438850
67508503
31346241
3210795
52685195
35033584
73743335
74417994
53127597
82715904
60259926
35607905
12576402
25304145
33378231
8022546
94044521
10795836
4199116
63232465
134549
15869173
83124857
8689911
29379009
12862212
92238703
858329
32622194
70074049
86283332
67329585
30779600
23659065
53045398
93234563
6163735
47955494
91348184
87181983
46466177
67966498
63818737
44170761
78619483
55239247
79595758
7441573
28611774
70843565
87802369
38547683
99493717
71781697
46770615
57462907
63603380
10634725
11787633
15202751
97790572
36256103
75305925
95421976
13971287
84990750
75463987
80983508
78607020
6934191
86116318
11636283
14630311
32126724
29924359
68528000
33826041
83923726
22657979
90118423
66148680
74473434
68510232
11751061
66859474
60003924
55364512
9257100
87412751
25313153
95255368
72349327
50670543
94128712
37723620
31607020
32649974
42544563
96736422
93001309
16245340
44679934
70951930
49771412
84291561
5782362
86127946
46336520
63820230
88197168
68682684
37590694
51389714
63845452
21049503
59058305
62265112
62368135
54945674
53942279
50473042
36975045
15690690
23993665
2431212
31065795
97183323
72128779
73609406
70911627
51110410
68017672
71799151
87465855
32117989
60756144
92180643
23327567
22803976
11653992
36108088
8482148
95789942
26545186
96315208
76712326
60580122
67565598
58904586
18895029
20210154
78240141
6495612
20202439
29857131
55705193
85402473
8389100
7703303
43209872
49430932
73748649
91973901
68239343
30881122
13642768
38879970
22587732
80631428
52905165
36022031
22852007
11148046
21478580
2439311
18220582
69246424
18804789
90857766
48733377
34846553
53061976
58421202
90884708
95460481
78056836
89806072
64518927
74019793
77939706
71163530
78648269
72255216
41705081
53858221
58583291
52828018
16077452
38624151
61472281
98170861
53320759
43682343
80355636
3721644
63054491
46228318
35858248
49670166
67032473
94991256
32976423
13460740
98322729
59367665
39785462
47556800
59680923
19354389
84971172
55034670
46705251
64781791
7317699
77463817
47811545
97734909
26471391
84284199
73685989
78557744
53199119
1110902
59410419
59471353
80852677
1600663
38178638
40456942
36667255
3854269
21524911
87123891
61212879
14126306
71144575
27924619
84755797
74450503
7913003
88352482
97283489
88429303
97632519
63699634
57951332
50736324
77627752
63653900
17900945
1902043
97840119
62349327
94898393
71397695
80949068
31761889
45846729
46098025
82752490
40151481
30089055
28094351
82371007
8776631
89082581
9127383
49132434
11642825
61137305
13530138
51285277
69026009
58804671
5818019
72319680
5803774
6302143
71343081
77228412
40514142
82317289
67194451
50582959
92781062
37247972
96010431
45132697
29367084
94048686
68706974
40199012
83263139
14747169
4734374
98605960
82984482
65937611
5530230
73029944
23829483
82724047
65500891
7048939
88451275
8109298
79468717
94932473
97931122
99767149
81777391
99946330
39313215
57170419
96326211
16196693
38226847
79221550
33331407
9018067
66331215
49871365
51134610
13672971
73716357
27377103
56068560
83654832
92529420
81927165
86493758
8429145
88447051
98349892
37183702
97481969
10065349
15252742
59604345
61785872
18304285
63911116
69387227
24421361
58476392
3432402
97614523
36298948
89168341
45026448
27202036
64606647
32772452
12931166
1178948
83425090
24202992
79978764
66355189
88955811
47158394
70819906
80064021
83773218
25409917
29424224
69599228
66956260
57841065
80950083
9240066
37013808
83539305
96460648
53915515
13728217
37877990
11141754
78126093
45565790
1239237
32949588
29134102
38083186
30922183
40639216
16501726
27796427
16452193
96721789
28165036
17169578
69377719
17738482
83884029
23312102
43922013
98351457
9749867
54644943
15890805
5231648
67314069
29293534
55133729
71203134
3230531
47411766
31558581
12500856
7324847
51480282
74729921
40038216
89773081
36592610
95402937
39134830
50051942
44935906
38639078
16642219
73605855
9583684
7181200
84294025
30776586
9320008
88115000
9069696
61022544
50951609
39118877
80284150
95010222
41448568
97169885
625094
84615449
52828763
32279620
21570246
24869329
69899046
30244923
45509144
83813289
51731166
12466713
38662726
4386266
84105725
15412886
17771757
35435556
82776954
28503481
82950867
48199391
87411750
24567796
31127612
74035012
19896087
39568960
49453784
43321442
98599838
33588120
45597559
4660094
26608944
6251836
80630217
49798083
99114355
80946694
24788116
35308078
51580522
74177062
35057589
52990920
29917034
90414710
17897497
40634988
32814694
47496106
25318434
864144
91135255
49478847
8088279
93874496
64883949
73976940
91546104
55144973
21554276
55147314
99682510
83819864
75317323
16815075
5970909
90092018
10790055
68698542
80010967
52041097
18666819
35428408
4694994
15443117
69622555
28288274
21790393
45445122
95402842
23726922
5209579
7964008
38612351
75650066
34980847
21142061
30075854
43420276
55865805
69207950
75038972
90707486
82123112
86436550
32664030
2839929
41987329
19296190
87744498
96508124
39216461
34692667
49106836
4914688
17098592
33335909
72607994
64127383
83230774
60431263
44631721
12613429
96813429
15776749
11167699
1204867
74757551
63456629
62390884
87665297
76480506
81234056
31833569
75167272
79867623
21848972
42687600
53902591
39664289
57440898
43460360
39420896
94266704
20587844
79824111
56229569
41943890
12309639
66604963
76883107
2571719
35231397
4576159
71398032
73266209
21459715
22408594
16035048
99108744
5163124
44030347
54146783
97963832
17081224
14699714
58482437
15047430
51124370
27338787
93824164
13132744
80581186
34284716
81001967
4010663
26682510
17705063
2892527
91963894
94247271
45697787
90055263
34367514
51262288
49999554
12803846
46631035
73196771
9827079
34956993
42544820
44580327
64741809
82498073
87248125
39639882
71652071
97091620
75733962
71098795
56903547
25909384
3728032
92166858
41415591
19807411
94116283
30965031
76539993
6444495
57899715
32083657
7384867
6939040
30306448
91338710
37383973
21627294
72165672
42813945
53378000
78871695
20938951
31711564
62368609
67857273
60558971
38572381
3717576
11946340
37306645
15950160
14742444
9341098
72676063
43284484
42735150
34732919
38688099
60125901
12085126
69442796
29078141
83848509
64119058
63397271
63050706
75758441
54433834
86926674
73742202
65747021
67048710
56112874
12789508
47025921
36720646
6218033
16732452
14816406
43685729
19147030
32005471
61309439
21879134
15584050
5268955
12603822
51026489
56762330
24040999
14421609
99033651
16911917
73448111
67057300
66359844
84487544
31540775
20316582
75301669
33351806
96211888
72068223
18803566
9535071
91705273
99436907
64322344
57395413
45679430
67134877
50819865
3500702
27346503
97458576
54727512
40798684
27407317
43080017
12450018
20022924
15954355
32809792
33071722
21304961
81196961
72657524
2024870
94028601
66725549
59327352
46234186
50672079
86367536
96168747
87045617
90802435
57347514
64513890
19463786
74980635
12365087
42089242
86491401
48724713
87825015
63464439
84298354
8012762
26757607
48139986
62630069
46234144
24762455
79484720
76273879
53150829
23843543
90960459
60884934
91260732
829
50096896
67336362
62560063
54140149
32730427
54072640
75086718
94037436
90251208
14789265
86729749
99172802
92985587
75398608
33931957
16027270
84673327
83494022
50786132
97908691
99603685
62767714
64714914
21602153
12832098
38689097
85109957
61491554
40396318
34982684
83607202
13577026
81544922
69013698
61790461
42442749
34050735
43007836
27445189
61614423
90130960
47516703
18926464
84194523
7496547
98260970
38593677
76105680
77197242
25894555
38949688
44292999
59094681
73173402
54632101
18558709
52968268
12528078
86188373
57897955
75162438
2518673
7491098
23948784
96488376
30862961
30816088
30358698
47631065
18984626
15967512
15751529
87631314
27787520
75016125
65732217
18705306
33142055
40551834
52550138
87028475
90904490
34996641
20618842
88471983
64555038
87700170
9476330
24236502
92939364
43966239
58370092
26962737
30534717
80125014
81605922
87901122
36123222
12250558
29166266
32480843
68783046
99492928
34518928
73020947
70314902
69974980
62252309
63660460
9138818
86199330
67860775
89641541
33956093
62784133
61490129
78773680
27657309
85089390
44827397
46639883
42056308
71826882
7719739
69177175
42375761
37413130
66827448
43356841
78351520
86794244
21268968
32286684
55422593
82201271
1751742
65708361
33601340
3062688
3505089
73235008
87828966
84450014
8792650
64989604
7660567
45712207
87928223
68876588
86403659
74959585
22401067
94854467
420130
90202021
34242261
29796992
4744805
42430996
42817799
55206885
61283010
30434822
53504981
23205624
13815056
91440335
12311499
55982739
41313918
42797736
82802861
41097964
47541834
48144421
88811101
55342827
89909288
3543900
7100865
81492821
31788600
21491799
98040222
94583122
29532657
41434129
97748080
86150418
5602411
51646548
30820656
75410987
6385411
70954671
15411641
25775156
97269224
77242238
54398935
12842096
72675709
38415339
80877851
79825264
99089814
47583606
71648692
80715626
18056560
1498233
93521799
71405130
95948803
70273932
47737468
9476326
22403633
25223366
20012181
29940300
65314100
65449375
13566133
36649695
19233755
29107656
16970009
68429121
97252831
90909167
72848790
91136574
58304791
84478062
9681201
3371618
23707060
53394671
11722181
41154885
85776361
13029550
86937000
62154704
78860606
60878378
98056272
86041659
237037
70429205
85624601
12695862
48232152
15670042
40467825
51476149
20909838
47835608
3261246
69685120
93885302
17211814
50004119
13002096
1384425
55530975
3408018
61376848
34813779
49119661
8830930
38170763
19363389
21977633
5813936
46654490
68392235
25758914
67957682
70455091
79291906
54779145
51902101
93232631
88247479
12192143
70659096
87598584
27822579
73609717
59818031
74430481
34109299
63601686
28511453
84639142
57952365
43294525
21253789
72783188
24497238
32282922
78725924
86733273
84819420
96263520
33357006
48125118
55888071
33053877
95158801
66040330
34456260
56163703
94163664
74271858
9237253
65422242
40185674
31997408
17558949
13190640
2833062
10629419
25780033
17364433
4246588
44735800
31028241
75274883
27242609
26123079
47820439
92849298
17167901
1763859
24323240
66925686
92061352
19624673
99893436
63192563
82509294
61423179
29385495
10962445
75630427
53092472
92275004
36699224
7289587
73975856
46830566
59270088
90192110
98419125
50602297
15085840
36421827
48394723
22328147
9307912
58534304
34850301
53125226
6811717
36473097
19007673
58259693
88058816
67546106
95049949
57991067
12327846
55229717
88140507
19905035
92994899
16887261
33739056
35906214
92333497
69221066
13463235
47922101
45604635
20669233
88475346
10695770
76787131
82968419
14553047
20422611
98827605
77073605
82380511
92892093
27996733
74011415
5742215
15720546
65902236
55446821
33259736
35044260
40397176
25456188
52483410
95107240
84434454
59729263
89181404
12549252
73464186
39030535
63044831
89688802
22502808
34488567
11243810
4238124
11093489
48376244
39579528
40590387
28565022
29767893
46397377
77592182
37859864
15243135
11658476
72422003
52428552
50475830
63882620
99432748
48756431
90708743
76501666
26205336
30448586
983508
81444562
22017726
38265039
41528561
36965868
3334353
53637538
49319977
14934583
10981740
91250551
12252644
92545289
25330010
63183247
79497118
21672528
15346990
31210378
35988445
37328851
57581790
11298445
44988421
386962
76614042
78298692
53459376
56037851
5183936
13050679
92077674
27411232
83023063
8008990
40692295
29233241
74301643
30874172
25293519
7436961
7472512
40504362
19685323
76470437
49752485
82601895
87412692
40850208
42514422
20965911
76624981
87835526
24635838
41326645
44596741
94301553
4312342
7532428
40903630
96559707
48624741
68254760
63580549
71601193
2567290
88045549
28838378
1342882
66602444
49590501
83744963
5282489
70314079
97596244
53265006
70327300
8313015
79237091
77891459
36803553
81946608
92713770
49738162
88056242
13399221
49938281
58342110
33766159
68641731
41047195
49638584
35701122
74200661
13754107
23541941
91844481
80899924
29084319
14418170
12423708
79171706
52574996
84053722
51029341
28761804
81127493
17520807
71468124
44103148
10968863
11579593
71333487
90740861
11680169
6516881
90163687
18756544
40819864
89552352
61142594
91856832
89537195
82814020
43742794
72901964
1059721
11656275
75437847
68828390
99703813
85737790
15871710
76292924
98215237
55472048
69127690
62613581
52065017
29652886
76742057
48782950
39662772
19160448
67150118
7896075
41628848
71032541
32955681
83309973
48873632
19599973
95499146
11366098
56479450
82392040
22689952
82660375
13515853
35655436
55054983
98208394
77788255
60909456
35714078
4259241
96190581
27053501
45086356
2657373
96204155
67206263
2958368
98435871
51347922
95503795
17784682
52441705
95813735
42937841
4789381
36836385
23527151
53222281
88099692
9378254
39033770
23603776
67882655
29878963
43003103
23673947
27996079
20104405
35289346
19028524
68404215
79291305
63032474
82040892
14794786
14613049
48163554
84631654
18230425
27215957
5904748
64575091
74545715
15817114
72730654
43491699
72903255
35518784
58688904
72399377
55867383
64343551
74309577
73177199
53195334
54244390
32395760
4957396
10794546
48503246
24108523
30361711
52412389
58301525
25187476
9710664
70209230
1473093
59143280
67123040
89446399
75729535
91061812
55029401
94938488
64363978
96311142
55231085
63464461
73352521
13527452
65078569
7609523
68406091
42201328
90438076
3847373
61559888
22292163
96940972
14455205
17981234
42096468
22711530
13902406
90606692
33721059
1838334
60608078
72867746
81827192
23936593
77796040
83206047
71484235
25872432
78711414
87948521
14966654
19788541
81192959
12173119
84131241
48986892
4072479
48624114
72022866
68237302
28826343
95565849
64984490
12264632
28097567
51080481
33971848
82174462
86001515
96492814
12786106
99176374
4100097
96333279
13988311
36896706
98645815
21391827
89301527
39188346
30131567
53559702
62610975
96163482
61335480
34707198
75107184
13455880
32772185
54146418
38110399
79845581
82683134
94943689
92291318
8855629
96656465
17205720
10578866
95611994
6799064
57502700
97070084
79894010
61531240
96264957
14457358
69159644
16318495
75774223
15332907
60677578
53338870
96767973
5680840
49140137
84492131
75731129
70780829
40727375
89301429
84742644
1905120
37682811
56512009
53059589
21945491
23020313
37874979
35783361
97011717
98811096
36539223
66382633
44730822
89768692
62755470
2452004
39255695
40482391
37075168
8128793
87590972
13077208
72175044
57139431
24826751
11222313
84479395
20448092
83444452
28997406
68442009
50564281
13267172
37380400
92029332
45021117
4731170
79090728
15209070
86395888
23861679
50344010
97565356
20342964
3124517
86863418
76773198
48165189
36070520
96543504
6044221
39616961
37009705
37147643
43964328
4247
92686627
38143284
45596109
67380772
32689077
10389278
72106369
65914233
46054640
54995196
69970405
95954129
80004221
30904172
22167675
61343269
17058573
81342462
58164997
95980650
78096445
57944914
31055031
85686939
8965101
68531297
91001701
11375702
91702937
17652723
13373993
6181304
3100076
70128420
79192290
10333509
58317142
85310044
66964789
85923900
33323166
71167538
2774471
8067354
18203666
15461274
33450286
57775673
47849100
38137669
84247942
16349029
55116121
50170257
85821916
8603119
34750360
77622624
61457906
85944387
86492067
32782583
25069221
29511483
84118143
51941093
40843974
45046943
15763304
55654780
23285011
70812870
91962528
86326661
48601815
70675448
96405710
95447199
99159310
33324547
78269736
33433522
12366982
19570713
16576181
56422045
43802399
2691299
24698946
16845332
35209615
59791558
96863039
34210705
77686810
51723383
37379805
90396491
56702482
33626402
23973112
86684990
36725639
27450440
63053044
28061176
98428595
40321911
92548893
51476943
66297477
89315224
9854609
58929507
76018133
44728327
62449782
25068035
73932014
19989853
11506953
40131893
27494773
32372410
69533372
67817531
43248729
2755121
78206125
78062049
32250725
46828582
49137774
56983738
25740544
45392265
54025919
389448
42861480
1065267
74123344
56941130
7209942
23070715
41969430
12365801
86808887
85729799
87927656
16476288
5617325
9532122
2508412
54060089
49194211
11393869
69255870
93289039
16062147
46545365
52951526
94282892
86626621
71046619
83453615
89534778
81391586
53131751
39605524
75850352
94033920
52024257
28236567
11715269
54707304
63763951
22578843
61484383
29360767
72584005
40107074
64815533
56355776
96481882
17952955
27379388
68910486
71817639
81824236
16235594
49159364
93022770
26801214
66259577
90822522
9582505
46250360
42458371
23666681
50203031
25372237
17757436
91804684
58445293
64034039
39291867
52869326
96286076
46659641
73483033
74251405
72328108
958124
47281757
79623040
50495917
89098463
76405175
43660491
31256827
44087956
95763536
48366056
62257842
24238218
541118
83264286
58861386
7685703
98625937
75918122
1715029
99998324
27792729
39075036
59443265
9179433
7300366
57179103
74200158
61051498
1153835
77512634
43545309
44965729
