49
71
88
36
97
7
38
93
90
39
10
47
15
74
19
25
29
19
73
5
26
19
2
92
87
39
69
64
44
7
30
14
14
59
74
1
80
84
23
39
5
31
36
54
41
84
9
6
54
53
52
18
44
11
14
67
87
68
55
95
96
92
90
96
87
37
19
1
76
69
53
1
52
61
47
5
70
3
5
21
67
101
47
83
46
38
5
101
19
92
15
48
80
75
76
35
11
26
98
12
29
3
18
33
23
98
79
17
92
85
99
39
88
97
65
3
58
77
15
89
87
93
26
90
14
65
78
23
77
80
74
50
34
82
42
78
20
9
51
88
7
82
58
56
60
80
4
31
66
56
51
66
99
69
53
12
27
12
98
66
96
58
87
31
39
9
73
59
61
22
86
63
63
91
2
72
100
97
87
67
96
18
47
59
45
23
90
99
51
17
77
27
10
91
3
33
71
70
80
47
82
7
90
97
86
26
40
65
23
100
50
98
37
66
26
70
79
67
7
39
68
45
42
50
51
59
77
85
74
37
9
78
74
12
78
22
91
19
14
70
3
60
96
67
4
92
79
18
40
81
8
101
28
48
86
95
61
63
57
74
36
88
93
71
55
101
25
21
6
94
82
87
55
85
72
42
99
19
77
92
12
28
98
82
86
62
89
9
71
47
39
57
97
61
43
33
17
86
94
56
41
56
10
42
38
1
53
65
76
61
9
78
58
94
24
89
47
70
40
91
55
42
37
5
9
6
27
95
48
78
62
79
14
55
96
11
90
76
27
78
10
12
90
8
44
2
44
39
29
93
22
87
4
48
56
75
93
98
82
25
13
10
32
95
87
42
2
64
12
95
10
11
27
70
51
50
31
80
91
36
38
45
21
62
38
16
80
87
11
60
93
90
81
45
80
4
43
20
91
10
17
42
62
93
40
94
69
48
5
79
58
64
81
1
94
79
82
83
41
12
46
24
58
33
33
78
4
76
6
70
84
49
62
19
21
41
25
86
36
69
10
6
66
25
10
80
18
68
63
65
62
43
10
53
69
3
7
79
98
7
93
70
81
63
63
84
31
64
56
85
63
25
32
95
100
19
43
56
79
99
22
14
17
12
27
30
14
39
78
59
69
56
57
27
49
84
37
18
24
60
39
37
52
86
73
76
9
59
61
